2 0.29554581750900766 0.7922222222222223 0.03952867854708348 0.05111111111111114
2 0.2946265459148894 0.8566666666666666 0.03585159217061058 0.05555555555555557
0 0.296924724900185 0.9211111111111111 0.04228649332943814 0.06
0 0.29140909533547565 0.7266666666666666 0.040447950141201686 0.062222222222222144
2 0.18936994838835328 0.5455555555555556 0.022062518258837257 0.09111111111111114
2 0.29003018794429836 0.54 0.0193047034764826 0.07999999999999993
2 0.3911500632973025 0.5377777777777777 0.0193047034764826 0.07999999999999993
2 0.49226993865030666 0.5311111111111111 0.0193047034764826 0.09333333333333328
2 0.8549225825299445 0.7388888888888888 0.04228649332943817 0.051111111111111
4 0.5488051416885772 0.5333333333333333 0.01838543188236436 0.09777777777777778
4 0.4495238095238095 0.5388888888888889 0.02941669101178306 0.0955555555555555
4 0.3474846625766871 0.5433333333333333 0.01838543188236443 0.1
4 0.24498587983250558 0.5477777777777778 0.024820333041191953 0.10444444444444442
8 0.36954718083552435 0.8022222222222223 0.09744278897653132 0.32888888888888895
