0 0.13032550551993627 0.14021887824897403 0.05543256795870592 0.10533515731874146
4 0.07194439671236301 0.1436388508891929 0.047176653581877386 0.11491108071135431
0 0.32492920154518046 0.05266757865937072 0.04127957188414268 0.0752393980848153
2 0.36738818976887017 0.04514363885088919 0.03420307384686105 0.07113543091655267
4 0.5708375083407163 0.17305061559507526 0.04010015554459578 0.0861833105335157
4 0.6097582475457652 0.17578659370725036 0.03538249018640805 0.0861833105335157
3 0.40984717799255976 0.04377564979480164 0.04363840456323665 0.07934336525307799
0 0.8002339863825952 0.18194254445964433 0.043638404563236435 0.07934336525307799
4 0.9010740834138581 0.18125854993160054 0.04245898822368957 0.08071135430916553
4 0.946481612486415 0.18399452804377567 0.03892073920504885 0.09439124487004104
8 0.7100086364072546 0.3625170998632011 0.2453185986257624 0.18057455540355677
8 0.7117777609165751 0.5615595075239398 0.23470385156983994 0.17647058823529413
10 0.2919055440378663 0.40971272229822164 0.09317389082420785 0.14637482900136795
4 0.35913227539204157 0.4056087551299589 0.04127957188414271 0.09439124487004101
4 0.3196218280172193 0.6046511627906976 0.037741322865501914 0.08755129958960332
4 0.3644396489200028 0.6067031463748289 0.04717665358187737 0.0697674418604651
4 0.28070108881217043 0.6053351573187414 0.049535486260971276 0.08344733242134054
4 0.23529355973961344 0.6073871409028727 0.036561906525954944 0.07934336525307799
4 0.2376523924187073 0.7175102599179206 0.036561906525954944 0.07797537619699042
4 0.27834225613307656 0.7257181942544461 0.03538249018640805 0.08344733242134054
4 0.32139095252653965 0.7270861833105334 0.03892073920504885 0.07523939808481529
2 0.26595838456783377 0.8563611491108071 0.02948540848867335 0.06566347469220248
0 0.028895700318899896 0.8508891928864568 0.05071490260051819 0.09849521203830364
0 0.029485408488673367 0.707250341997264 0.03302365750731417 0.0711354309165526
2 0.1444785015944995 0.7284541723666211 0.03656190652595498 0.07797537619699042
2 0.1391711280665383 0.6073871409028727 0.04245898822368966 0.07934336525307799
2 0.14329908525495255 0.4890560875512996 0.029485408488673367 0.08071135430916555
2 0.13740200355721788 0.3761969904240766 0.03656190652595498 0.07934336525307799
2 0.31490416265903154 0.857045143638851 0.03538249018640805 0.07250341997264016
2 0.41043688616233326 0.859781121751026 0.037741322865501914 0.08071135430916541
2 0.47235624398854725 0.8563611491108071 0.03184424116776718 0.07387140902872773
2 0.5142255240424635 0.8604651162790699 0.03066482482822032 0.06292749658002748
0 0.5578639286057 0.857045143638851 0.03538249018640805 0.07523939808481529
0 0.7400837530657014 0.8577291381668947 0.029485408488673384 0.0711354309165526
2 0.8875107955090684 0.6258549931600547 0.043638404563236435 0.11080711354309151
2 0.8863313791695213 0.4767441860465116 0.043638404563236574 0.12448700410396711
2 0.5631713021336613 0.5109439124487004 0.03420307384686105 0.09165526675786595
2 0.569068383831396 0.2913816689466484 0.03184424116776718 0.07660738714090286
2 0.49417544627016563 0.4781121751025992 0.03302365750731426 0.08071135430916555
2 0.4511267498767025 0.48290013679890564 0.03184424116776718 0.07934336525307799
2 0.4570238315744372 0.6696306429548564 0.03656190652595491 0.08071135430916541
2 0.49594457077948595 0.6764705882352942 0.04127957188414271 0.07250341997264016
5 0.9010740834138581 0.8228454172366623 0.04010015554459585 0.05608755129958965
5 0.9529684023539232 0.8331053351573188 0.04481782090278344 0.05471956224350208
6 0.23647297607916037 0.2051983584131327 0.09317389082420782 0.04651162790697676
5 0.20875669209980743 0.14569083447332423 0.04010015554459578 0.05061559507523942
5 0.26006130287009904 0.140218878248974 0.03656190652595498 0.04787961696306429
5 0.2618304273794195 0.08481532147742818 0.044817820902783544 0.04103967168262654
5 0.2594715947003256 0.024623803009575923 0.037741322865501914 0.04377564979480164
5 0.20875669209980743 0.029411764705882356 0.037741322865501914 0.04240766073871409
5 0.21052581660912784 0.08071135430916553 0.03656190652595498 0.04377564979480165
