2 0.45936140897969585 0.4363885088919289 0.0239304924270283 0.06566347469220248
2 0.5639272563238849 0.28796169630642954 0.027051861004466743 0.0697674418604651
2 0.5654879406126041 0.35841313269493846 0.028092317196946225 0.06566347469220248
10 0.6424816988560866 0.35909712722298226 0.0759533020510029 0.08344733242134061
8 0.4853728137916832 0.7202462380300958 0.08843877636075682 0.17099863201094392
0 0.5483204134366925 0.6258549931600547 0.027051861004466816 0.05061559507523945
0 0.416182476991797 0.5013679890560876 0.07491284585852341 0.05608755129958965
2 0.4047374588745225 0.548563611491108 0.037456422929261775 0.02462380300957591
2 0.47965030473304593 0.5478796169630643 0.04786098485405667 0.03146374829001374
2 0.4167027050880367 0.4363885088919289 0.03017322958190526 0.06292749658002733
0 0.5597654315539669 0.4247606019151847 0.07699375824348237 0.04787961696306432
0 0.645603067433525 0.4186046511627907 0.0322541419668643 0.02462380300957598
0 0.7491284585852346 0.8755129958960327 0.041618247699179566 0.08755129958960324
2 0.5597654315539669 0.8905608755129958 0.031213685774384742 0.07387140902872787
2 0.5067021657375128 0.8700410396716824 0.04994189723901563 0.04103967168262656
0 0.48329190140672423 0.8283173734610122 0.0322541419668643 0.028727770177838608
0 0.4421938818037843 0.8303693570451436 0.03537551054430274 0.02735978112175104
2 0.4375118289376265 0.8700410396716827 0.0322541419668643 0.03283173734610131
2 0.10300516305546975 0.874829001367989 0.04578007246909767 0.028727770177838466
2 0.15138637600576613 0.8755129958960327 0.03433505435182323 0.021887824897400918
0 0.2018485013410215 0.8693570451436388 0.029132773389425815 0.031463748290013596
0 0.22994081853796777 0.6101231190150479 0.03329459815934374 0.0355677154582763
0 0.2242183094793306 0.5745554035567716 0.036415966736782227 0.03283173734610124
0 0.2289003623454883 0.5348837209302326 0.03121368577438478 0.027359781121751112
2 0.18936302703126764 0.5581395348837209 0.018728211464630853 0.043775649794801696
2 0.23202173092292683 0.658686730506156 0.04578007246909767 0.03693570451436372
4 0.14930546362080716 0.5574555403556772 0.021849580042069335 0.06155950752393984
4 0.12225360261634034 0.5595075239398085 0.019768667657110352 0.05745554035567715
4 0.09312082922691456 0.5588235294117647 0.021849580042069352 0.050615595075239384
4 0.06502851202996827 0.5581395348837209 0.01560684288719238 0.043775649794801696
0 0.6424816988560864 0.2722298221614226 0.08011512682092087 0.06019151846785249
