2 0.3867375906591593 0.5206971677559913 0.018372332097822266 0.0827886710239651
2 0.48778541719718194 0.5196078431372549 0.01837233209782234 0.08496732026143788
4 0.5442803383979854 0.5108932461873639 0.022965415122277903 0.09368191721132903
4 0.3435626102292769 0.5250544662309369 0.018372332097822266 0.10457516339869272
4 0.24067755048147205 0.5261437908496732 0.023884031727168988 0.08496732026143788
2 0.18601986249045077 0.5217864923747277 0.02480264833206011 0.09803921568627444
2 0.28706768902847335 0.5250544662309369 0.021128181912495627 0.09150326797385616
2 0.8529355176414 0.7352941176470589 0.03766328080053569 0.05010893246187365
4 0.4423138952550717 0.514161220043573 0.022965415122277833 0.09150326797385616
8 0.36331286723443584 0.7734204793028322 0.09278027709400259 0.31372549019607837
2 0.29257938865782 0.8311546840958606 0.03766328080053569 0.04139433551198266
2 0.2898235388431467 0.761437908496732 0.03766328080053565 0.041394335511982516
0 0.28752699733091885 0.7015250544662309 0.04041913061520901 0.052287581699346504
1 0.2907421554480378 0.8943355119825708 0.041337747220100134 0.058823529411764636
