2 0.4492255981513391 0.09507523939808482 0.11903255413810442 0.0478796169630643
2 0.6114686000245088 0.09302325581395349 0.11414080533790823 0.038303693570451436
0 0.84627254243392 0.23734610123119015 0.08479031253673185 0.039671682626538994
0 0.15816654453967294 0.03419972640218878 0.10435730773751618 0.03556771545827633
2 0.15816654453967294 0.0841313269493844 0.09131264427032665 0.03967168262653899
0 0.16061241893977096 0.1826265389876881 0.0929432272037253 0.0369357045143639
4 0.15082892133937884 0.3693570451436388 0.09620439307052271 0.04651162790697683
4 0.14838304693928078 0.41381668946648426 0.08805147840352927 0.039671682626538994
4 0.5910863133570251 0.710670314637483 0.08968206133692797 0.03419972640218873
4 0.7158259077620249 0.713406292749658 0.09131264427032676 0.03693570451436372
4 0.7166411992287243 0.6648426812585498 0.09294322720372535 0.04103967168262656
4 0.5894557304236265 0.6662106703146375 0.08315972960333319 0.04103967168262656
4 0.5829333986900317 0.6272229822161423 0.0962043930705228 0.036935704514363864
4 0.3782952405484961 0.6244870041039672 0.094573810137124 0.042407660738713986
4 0.10598789067091484 0.9213406292749658 0.12066313707150306 0.06703146374828989
2 0.5910863133570251 0.8440492476060192 0.0864208954701305 0.03830369357045129
2 0.7158259077620249 0.8467852257181943 0.08152914666993454 0.038303693570451575
2 0.3554670794809144 0.8481532147742818 0.09783497600392135 0.03556771545827644
2 0.47042317628552205 0.8495212038303692 0.08642089547013057 0.030095759233926173
10 0.3799258234818948 0.6963064295485636 0.1532747957394769 0.08207934336525312
2 0.649787298959378 0.5307797537619698 0.08642089547013064 0.03830369357045136
2 0.8495337083007175 0.4644322845417237 0.0880514784035293 0.036935704514363794
2 0.8544254571009137 0.5068399452804377 0.08805147840352916 0.039671682626538994
2 0.8503489997674168 0.5711354309165526 0.0831597296033334 0.03693570451436372
0 0.8454572509672208 0.6244870041039671 0.11903255413810428 0.04787961696306432
2 0.8511642912341162 0.6703146374829001 0.07826798080313707 0.0355677154582763
2 0.855240748567613 0.7181942544459645 0.07989856373653581 0.0355677154582763
2 0.6563096306929728 0.4849521203830369 0.09620439307052273 0.03967168262653906
2 0.46471613601862655 0.48632010943912446 0.094573810137124 0.039671682626538994
2 0.463085553085228 0.5307797537619698 0.094573810137124 0.03830369357045136
2 0.4924360458864044 0.4117647058823529 0.08805147840352923 0.03556771545827637
2 0.26333914374388845 0.41450068399452805 0.09294322720372528 0.04103967168262656
0 0.11006434800441159 0.8590971272229823 0.12555488587169916 0.057455540355677216
0 0.8397502107003254 0.960328317373461 0.13370780053869255 0.057455540355677216
1 0.6905518722943452 0.9596443228454171 0.10598789067091481 0.05608755129958965
4 0.5951627706905219 0.750341997264022 0.094573810137124 0.036935704514364
4 0.7109341589618288 0.7517099863201095 0.08805147840352916 0.03419972640218873
