3 0.18457300275482091 0.5320243210254434 0.01836547291092746 0.0828562467170773
2 0.28466483011937554 0.5243928246172915 0.020202020202020173 0.0806758191718911
2 0.38659320477502296 0.5254830383898846 0.020202020202020207 0.08721710180744978
2 0.48760330578512395 0.5222123970721052 0.016528925619834708 0.09811923953338095
2 0.8516988062442609 0.734804082727764 0.041322314049586736 0.05233026108446978
4 0.5468319559228649 0.5233026108446984 0.02479338842975203 0.1002996670785673
4 0.440771349862259 0.5254830383898846 0.02203856749311292 0.09593881198819482
4 0.3415977961432507 0.5243928246172915 0.018365472910927425 0.08939752935263598
4 0.2396694214876033 0.528753679707664 0.020202020202020173 0.08067581917189103
0 0.2892561983471074 0.7064585246403428 0.03856749311294763 0.05233026108446993
2 0.2892561983471074 0.7675104959055576 0.040404040404040414 0.05233026108446978
2 0.29201101928374656 0.8340135360337381 0.03489439853076217 0.050149833539283574
0 0.2910927456382002 0.8972459348441391 0.03489439853076213 0.050149833539283574
8 0.3654729109274564 0.7729615647685233 0.09550045913682276 0.31616199405200524
