2 0.4908172635445362 0.5178833313204162 0.02112029384756653 0.09938059662865129
2 0.3875114784205694 0.5189875601718456 0.02203856749311292 0.08833830811435668
2 0.2874196510560147 0.5234044755775635 0.020202020202020207 0.0927552235200745
2 0.18503213957759412 0.5234044755775635 0.017447199265381064 0.08392139270863887
4 0.2396694214876033 0.5189875601718457 0.01836547291092746 0.0927552235200745
4 0.3420569329660239 0.5178833313204162 0.019283746556473816 0.09938059662865129
4 0.4444444444444444 0.5178833313204162 0.023875114784205707 0.09496368122293347
4 0.5459136822773186 0.5211960178747046 0.019283746556473816 0.10158905433151028
2 0.8549127640036731 0.7332079573491606 0.040404040404040414 0.04858606946289626
2 0.29201101928374656 0.7674390517434739 0.036730945821854884 0.04637761176003707
2 0.29292929292929293 0.8359012405321002 0.029384756657483954 0.04637761176003735
0 0.2933884297520661 0.9010507427664385 0.03213957759412306 0.053002984868613934
0 0.2915518824609734 0.7044980072119946 0.03397612488521577 0.05300298486861408
8 0.3663911845730028 0.7663348228920444 0.09550045913682272 0.3401024862402733
