5 0.4227677423624227 0.19972640218878251 0.06941812189531035 0.0902872777017784
5 0.5519309691676313 0.11354309165526676 0.05917610391075634 0.06566347469220248
5 0.5456719581770705 0.22093023255813954 0.05121008992276991 0.06976744186046513
5 0.7823763738200958 0.15731874145006838 0.07397012988844537 0.08481532147742817
5 0.8842275526664938 0.15937072503419972 0.07738413588329678 0.08618331053351574
5 0.8819515486699262 0.27428180574555405 0.07738413588329678 0.09439124487004108
5 0.7886353848106566 0.2811217510259918 0.07738413588329664 0.09986320109439123
5 0.553068971165915 0.5362517099863201 0.12290421581464785 0.07934336525307792
5 0.7499433168690081 0.5492476060191518 0.12518021981121522 0.0725034199726403
5 0.9160916086184394 0.5588235294117648 0.0705561238935941 0.07797537619699035
5 0.9160916086184394 0.9227086183310533 0.08648815186956682 0.06703146374829004
5 0.7795313688243862 0.8358413132694937 0.07510813188672913 0.0683994528043776
5 0.5849330271178608 0.8372093023255814 0.0819361438764318 0.0683994528043776
5 0.5462409591762123 0.9651162790697674 0.06372811190389135 0.058823529411764636
