2 0.18413627511728778 0.5147679324894515 0.021122864477294848 0.0928270042194093
2 0.38709945118172967 0.5179324894514769 0.022959635301407388 0.09071729957805907
2 0.4899586173320351 0.5242616033755274 0.024796406125520108 0.09071729957805914
4 0.545061742055413 0.5242616033755274 0.019286093653182304 0.09071729957805914
4 0.44358015402319206 0.5200421940928269 0.02020447906523856 0.0864978902953586
4 0.3398026024608303 0.5179324894514769 0.02020447906523856 0.08649789029535868
4 0.2383210144286094 0.5116033755274262 0.021122864477294882 0.08649789029535868
2 0.8518024696822166 0.7552742616033755 0.04316411436664609 0.037974683544303785
2 0.2883730193856776 0.759493670886076 0.034898645658139354 0.04641350210970458
2 0.2874546339736213 0.8175105485232068 0.03306187483402674 0.05274261603375521
0 0.2860770558555369 0.8860759493670887 0.03765380189430822 0.059071729957805984
0 0.2842402850314243 0.699367088607595 0.03765380189430825 0.05274261603375521
3 0.2856178631495087 0.5189873417721519 0.023878020713463746 0.09704641350210963
8 0.35908869611401256 0.759493670886076 0.0973488536779676 0.32911392405063294
