2 0.7614960022728195 0.554719562243502 0.09939526766508379 0.03693570451436393
2 0.35108973578473157 0.5615595075239398 0.08336377288039291 0.03419972640218873
2 0.3526928852632006 0.6073871409028727 0.08015747392345471 0.03009575923392603
2 0.35830390843784243 0.83515731874145 0.08496692235886197 0.04514363885088926
2 0.30139210195218963 0.9733242134062927 0.11222046349283651 0.04514363885088926
2 0.43365193392588985 0.9692202462380302 0.10420471610049105 0.04787961696306439
2 0.7791306465359795 0.8891928864569084 0.08657007183733115 0.04651162790697669
2 0.11702991192824384 0.6559507523939808 0.08336377288039287 0.042407660738713986
2 0.17474329315313125 0.5690834473324213 0.08336377288039289 0.030095759233926173
2 0.17314014367466213 0.6142270861833105 0.08336377288039289 0.03830369357045143
2 0.26211493972969685 0.5697674418604651 0.07855432444498557 0.03146374829001374
3 0.26211493972969685 0.6087551299589604 0.08496692235886197 0.04103967168262656
