5 0.8014132227231108 0.17441860465116277 0.07923577060821728 0.08891928864569079
5 0.9032877849336756 0.18399452804377567 0.09281904556962588 0.08618331053351572
5 0.8059409810435801 0.29138166894664846 0.06791637480704324 0.10123119015047884
5 0.9021558453535582 0.29822161422708615 0.0769718914479823 0.09028727770177838
5 0.565969790058694 0.12995896032831739 0.070180253967278 0.07113543091655267
7 0.5591781525779896 0.24008207934336526 0.06112473732633895 0.0697674418604651
7 0.5699315785891048 0.5574555403556772 0.11658977675209094 0.08344733242134061
7 0.7646251863692954 0.5615595075239398 0.10527038095091712 0.07797537619699035
5 0.9366800025471385 0.5772913816689466 0.05772891858598683 0.06839945280437754
5 0.9349820931769623 0.9309165526675787 0.06791637480704338 0.07797537619699028
5 0.8014132227231106 0.8625170998632011 0.08376352892868681 0.06155950752393977
5 0.599362007672157 0.8618331053351573 0.05546503942575193 0.06566347469220248
