2 0.42189006750241076 0.4500683994528044 0.03249339650329133 0.07934336525307799
2 0.46800972705546934 0.4514363885088919 0.026204352018783225 0.07387140902872773
2 0.5728271351306025 0.3755129958960328 0.028300700180286 0.07797537619699042
2 0.5702066999287241 0.29958960328317374 0.027252526099534578 0.057455540355677105
0 0.6467234078235713 0.2913816689466484 0.07546853381409584 0.054719562243502044
10 0.6446270596620687 0.37824897400820795 0.07127583749109057 0.07250341997264016
10 0.49316590499350127 0.7270861833105335 0.0890947968638632 0.1764705882352942
0 0.7546853381409584 0.8837209302325582 0.04402331139155592 0.08755129958960339
2 0.5696826128883484 0.9015047879616964 0.030397048341788562 0.0683994528043776
2 0.5198943440526602 0.8816689466484269 0.048216007714561256 0.045143638850889116
2 0.4444258102385644 0.8816689466484269 0.03563791874554525 0.025991792065663474
0 0.4470462454404427 0.8406292749658003 0.036686092826296604 0.031463748290013596
0 0.4900213827512473 0.8378932968536251 0.04087878914930187 0.031463748290013596
0 0.21120707727139323 0.8782489740082079 0.032493396503291264 0.027359781121751182
2 0.1656115047587103 0.8837209302325582 0.03354157058404262 0.02735978112175104
2 0.11634732296339775 0.8823529411764706 0.04192696323005325 0.030095759233926173
0 0.23479099408829818 0.5506155950752394 0.03354157058404262 0.03146374829001374
0 0.2326946459267955 0.5861833105335158 0.031445222422539915 0.031463748290013596
0 0.23269464592679548 0.6258549931600548 0.03563791874554528 0.03419972640218887
0 0.41822145821978113 0.5177838577291383 0.07756488197559847 0.04787961696306432
2 0.4103601526141461 0.5649794801641587 0.036686092826296604 0.02735978112175097
2 0.48530459938786635 0.5601915184678522 0.03983061506855059 0.028727770177838678
0 0.5497673053540731 0.6388508891928865 0.019915307534275256 0.04377564979480162
0 0.5686344388075971 0.4432284541723666 0.07022766341033915 0.05745554035567715
2 0.19862898830237724 0.56703146374829 0.019915307534275294 0.04787961696306432
2 0.24370047377468446 0.6689466484268126 0.05345687811831784 0.0355677154582763
4 0.07808896901597417 0.5697674418604651 0.02620435201878328 0.05335157318741459
4 0.10691375623663578 0.5738714090287277 0.020963481615026626 0.04787961696306432
4 0.13311810825541903 0.5704514363885089 0.02096348161502661 0.05745554035567715
4 0.15617793803194835 0.573187414500684 0.018867133453523942 0.04377564979480162
