2 0.21543187213325823 0.021203830369357045 0.049041401786432744 0.025991792065663474
2 0.21718335076848796 0.0533515731874145 0.049041401786432744 0.027359781121751022
0 0.453632966524503 0.07523939808481533 0.04904140178643281 0.02188782489740082
0 0.5184376760280035 0.19562243502051985 0.04553844451597321 0.019151846785225714
0 0.4518814878892733 0.19288645690834472 0.04553844451597328 0.01915184678522575
2 0.7417512020197955 0.41792065663474687 0.02627217952844603 0.039671682626538925
2 0.7829109499476945 0.420656634746922 0.028023658163675975 0.039671682626538994
2 0.8293251337812826 0.41655266757865933 0.029775136798905633 0.04514363885088919
2 0.8704848817091816 0.4199726402188782 0.021017743622757053 0.03830369357045143
0 0.9098931510018509 0.4165526675786594 0.015763307717067788 0.036935704514363864
2 0.9580588134706687 0.4220246238030096 0.028023658163675833 0.04240766073871413
8 0.8888754073790939 0.5047879616963065 0.14537272672406856 0.09028727770177838
0 0.8485913987688097 0.8187414500683994 0.054295837692122005 0.07797537619699042
8 0.7627689456425526 0.789329685362517 0.07181062404441932 0.08207934336525312
0 0.6997157147742817 0.7879616963064296 0.026272179528446172 0.0355677154582763
0 0.6016329112014163 0.7093023255813954 0.09983428220809536 0.04240766073871413
2 0.7040944113623562 0.713406292749658 0.07005914540918966 0.03693570451436372
2 0.7846624285829242 0.7099863201094391 0.07005914540918966 0.027359781121751182
2 0.21543187213325823 0.44391244870041036 0.049041401786432744 0.031463748290013666
2 0.21192891486279872 0.4801641586867305 0.056047316327351736 0.030095759233926173
2 0.21017743622756896 0.5164158686730507 0.05254435905689224 0.02325581395348827
2 0.21017743622756896 0.39876880984952123 0.0630532308682707 0.0341997264021888
2 0.21192891486279877 0.3461012311901505 0.05254435905689224 0.02462380300957591
2 0.21280465418041358 0.2168262653898769 0.04728992315120298 0.02599179206566344
2 0.20930169690995412 0.17441860465116277 0.05079288042166251 0.02599179206566351
0 0.4510057485716585 0.286593707250342 0.026272179528446172 0.03419972640218884
0 0.4527572272068882 0.38303693570451436 0.03678105133982456 0.04651162790697669
4 0.45188148788927335 0.33515731874145005 0.028023658163675903 0.04377564979480166
