8 0.3709825528007346 0.7924720416786871 0.10284664830119368 0.31085919866954037
2 0.29201101928374656 0.7815262952466611 0.033057851239669415 0.048161284300914674
2 0.2933884297520661 0.8461061991956149 0.03397612488521577 0.05035043358731997
0 0.2924701561065197 0.9074023792149609 0.041322314049586806 0.05472873216013042
0 0.28971533516988063 0.7136626673680996 0.04499540863177231 0.06567447859215647
2 0.18686868686868685 0.5352470005260747 0.02295684113865935 0.08975512074261374
2 0.2869605142332415 0.534152425882872 0.01928374655647385 0.08756597145620852
4 0.24012855831037647 0.5308687019532643 0.019283746556473816 0.08537682216980336
4 0.34389348025711663 0.5407198737420876 0.019283746556473885 0.09194427002901889
4 0.44168962350780533 0.528679552666859 0.020202020202020207 0.08099852359699292
4 0.5449954086317723 0.5352470005260747 0.0211202938475666 0.0941334193154242
2 0.49035812672176304 0.5308687019532642 0.02020202020202028 0.08975512074261374
2 0.3875114784205694 0.5330578512396694 0.02203856749311292 0.08975512074261374
2 0.8480257116620754 0.7399324588049621 0.04132231404958688 0.048161284300914674
