2 0.18743036642733346 0.5290178571428572 0.01837552612032681 0.0982142857142857
2 0.2907927008541718 0.5267857142857143 0.019294302426343144 0.08928571428571423
2 0.3895611537509284 0.5212053571428572 0.01837552612032681 0.09598214285714292
2 0.4906265474127259 0.5189732142857143 0.01653797350829407 0.09598214285714285
4 0.5462125139267145 0.5223214285714285 0.021131855038375776 0.0982142857142857
4 0.4446877321119089 0.5290178571428572 0.01837552612032681 0.0892857142857143
4 0.3450005029091359 0.5256696428571428 0.021131855038375846 0.1049107142857143
4 0.24393510924733847 0.5323660714285714 0.019294302426343144 0.09151785714285715
0 0.29538658238425347 0.71875 0.03950738115870262 0.04910714285714277
0 0.2935490297722208 0.9084821428571429 0.03583227593463729 0.0625
2 0.2958459705372617 0.8415178571428572 0.03675105224065362 0.05803571428571431
2 0.2958459705372617 0.7767857142857142 0.04226371007675166 0.05803571428571431
3 0.8535431882891805 0.7433035714285714 0.040426157464718955 0.04910714285714292
8 0.3684292987125526 0.7767857142857143 0.09187763060163405 0.3303571428571428
