2 0.29155188246097336 0.7727177864292816 0.03764921946740131 0.04629692871616243
2 0.2910927456382002 0.8366516403706487 0.03489439853076213 0.041887697409861174
0 0.29017447199265384 0.9038924177917417 0.04040404040404038 0.04850154436931305
0 0.28879706152433426 0.7131931637942156 0.03581267217630856 0.055115391328764786
2 0.18503213957759412 0.5291077567561415 0.017447199265381064 0.09259385743232479
2 0.28879706152433426 0.523596217623265 0.015610651974288353 0.09479847308547541
2 0.38613406795224975 0.5258008332764156 0.0211202938475666 0.09038924177917423
2 0.48943985307621674 0.5258008332764156 0.018365472910927494 0.09479847308547534
4 0.5404040404040404 0.5191869863169637 0.022956841138659242 0.09038924177917415
4 0.44168962350780533 0.5213916019701144 0.02571166207529842 0.1036169356980777
4 0.3415977961432507 0.5291077567561414 0.020202020202020207 0.09700308873862597
4 0.24242424242424243 0.5280054489295661 0.020202020202020207 0.08598001047287297
2 0.8461891643709825 0.7330347046725708 0.03764921946740131 0.055115391328764786
8 0.3654729109274564 0.7793316333887332 0.08999081726354446 0.3328969636257389
