2 0.19008264462809918 0.5328692431672439 0.01836547291092746 0.09097767566270015
2 0.29109274563820015 0.5285369728975915 0.016528925619834746 0.0823131351233954
2 0.39531680440771355 0.5328692431672439 0.019283746556473816 0.09097767566270015
2 0.49678604224058776 0.5285369728975915 0.02020202020202028 0.09530994593235256
2 0.8595041322314049 0.7256552701667752 0.03673094582185499 0.051987243235828796
2 0.297979797979798 0.7733102431329516 0.03581267217630853 0.051987243235828796
2 0.297979797979798 0.8328789593406719 0.03397612488521577 0.04982110810100252
8 0.37144168962350776 0.7852239863744955 0.09090909090909087 0.31408959454979835
0 0.2956841138659321 0.7169907296274706 0.040404040404040414 0.05198724323582866
0 0.29752066115702486 0.9054444863573494 0.036730945821854884 0.06065178377513348
4 0.24563820018365468 0.5393676485717225 0.021120293847566564 0.0996422162020049
4 0.3480257116620753 0.5285369728975915 0.016528925619834708 0.10397448647165738
4 0.45179063360881544 0.5317861755998308 0.020202020202020207 0.10180835133683111
4 0.554178145087236 0.5274539053301784 0.019283746556473816 0.10180835133683118
