2 0.34313982700064266 0.11627906976744186 0.043110946006871986 0.08755129958960328
2 0.4678120222097047 0.03556771545827633 0.040780624601095 0.07113543091655267
2 0.3798423891416282 0.17783857729138167 0.03728514249242977 0.07660738714090286
2 0.42761397796005385 0.1805745554035568 0.03728514249242977 0.08481532147742818
2 0.3804249694930724 0.2715458276333789 0.031459338977987555 0.08071135430916553
2 0.4287791386629422 0.27359781121751026 0.025633535463545486 0.0766073871409029
2 0.38450303195318186 0.36320109439124487 0.025633535463545413 0.07523939808481529
2 0.42411849585138856 0.3652530779753762 0.027963856869322255 0.0738714090287278
2 0.14506250750960956 0.3618331053351574 0.04311094600687191 0.08344733242134061
2 0.06990964217330581 0.7886456908344733 0.03262449968087604 0.07797537619699028
2 0.4101365674167273 0.801641586867305 0.03262449968087602 0.07660738714090286
5 0.8144473313190126 0.06224350205198357 0.05359739233286774 0.0752393980848153
5 0.9041647054414217 0.19562243502051985 0.05825803514442157 0.07934336525307796
5 0.8057086260473494 0.18878248974008208 0.061753517253086726 0.07113543091655267
5 0.9006692233327565 0.3180574555403557 0.06291867795597511 0.07250341997264023
5 0.7952221797213536 0.43707250341997267 0.052432231629979356 0.07523939808481536
5 0.8948434198183142 0.4302325581395348 0.06990964217330585 0.09439124487004101
5 0.7899789565583556 0.5588235294117647 0.06058835655019834 0.06703146374829004
5 0.8936782591154259 0.5642954856361149 0.06291867795597525 0.0697674418604651
5 0.7911441172612439 0.6819425444596443 0.06990964217330585 0.06703146374829004
5 0.8855221341952069 0.682626538987688 0.05825803514442157 0.07387140902872787
5 0.9152337321188619 0.06634746922024623 0.07107480287619423 0.09439124487004104
5 0.7969699207756861 0.3153214774281806 0.06291867795597525 0.08891928864569085
5 0.6035532440962068 0.8132694938440492 0.048936749521314125 0.04787961696306439
5 0.5546164945748927 0.8105335157318742 0.041945785303983525 0.056087551299589505
5 0.5004365218905806 0.8023255813953489 0.038450303195318225 0.04787961696306439
5 0.4130494691739484 0.6607387140902873 0.04777158881842567 0.06566347469220254
5 0.26216115814989677 0.6477428180574555 0.044276106709760336 0.05608755129958965
5 0.1817650696505951 0.6477428180574555 0.05592771373864462 0.05608755129958965
5 0.030294178275099184 0.6484268125854993 0.041945785303983484 0.05471956224350201
5 0.2027379623025868 0.8235294117647058 0.04660642811553721 0.04924760601915196
5 0.2767256669360021 0.8235294117647058 0.033789660383764436 0.04924760601915196
5 0.357704335786748 0.8262653898768809 0.034954821086652925 0.043775649794801696
7 0.1281676773177273 0.8201094391244871 0.04660642811553721 0.04787961696306425
