7 0.5874644095023848 0.5116279069767442 0.1035719243293304 0.07113543091655267
7 0.7795736239842073 0.5218878248974008 0.11136766056917252 0.07797537619699042
7 0.586350732896693 0.19904240766073872 0.04788809404474414 0.06429548563611491
5 0.586350732896693 0.08755129958960328 0.05457015367889447 0.05198358413132695
5 0.820779658394801 0.14911080711354308 0.07127530276427038 0.07113543091655267
5 0.9148853315757519 0.1511627906976744 0.08129839221549588 0.08344733242134066
5 0.8157681136691883 0.259233926128591 0.07684368579272899 0.08071135430916555
5 0.9154421698785978 0.2749658002735978 0.09354883487810482 0.08481532147742818
5 0.9315904806611277 0.539671682626539 0.06570691973581176 0.05335157318741459
5 0.9349315104782029 0.8864569083447332 0.04343338762197732 0.06566347469220248
5 0.8029608327037334 0.8166894664842681 0.0623658899187366 0.0683994528043776
5 0.6024990436792231 0.8064295485636115 0.07127530276427045 0.07250341997264016
2 0.8068587008236545 0.948016415868673 0.05679750689027799 0.1039671682626539
5 0.5707592604170089 0.9281805745554036 0.05457015367889447 0.05882352941176478
