2 0.07858890498357035 0.7722298221614227 0.039015768431559746 0.08344733242134054
2 0.41579661785633676 0.7818057455540355 0.03567155970885466 0.07523939808481529
2 0.15662044184668986 0.3221614227086183 0.03455682346795293 0.0779753761969904
2 0.34835507528178355 0.08071135430916553 0.03901576843155972 0.08481532147742818
2 0.3907150524360483 0.15047879616963067 0.027868406022542657 0.07660738714090287
2 0.43363239771076406 0.14911080711354308 0.03121261474524779 0.08481532147742818
2 0.3901576843155975 0.2387140902872777 0.02898314226344439 0.07797537619699046
2 0.4364192383130184 0.2421340629274966 0.027868406022542657 0.08207934336525309
2 0.38848557995424493 0.33447332421340625 0.025638933540739258 0.0779753761969904
2 0.4308455571085098 0.3372093023255814 0.02786840602254273 0.08344733242134059
7 0.8053969340514834 0.05198358413132695 0.05462207580418365 0.06839945280437756
5 0.906280563853088 0.056087551299589596 0.05796628452688878 0.07113543091655267
5 0.8053969340514834 0.1662106703146375 0.05462207580418365 0.07797537619699042
5 0.5690728509803215 0.060191518467852256 0.06576943821320064 0.057455540355677154
5 0.8984774101667758 0.1662106703146375 0.0646547019722989 0.08618331053351574
5 0.8042821978105817 0.2948016415868673 0.061310493249593916 0.06703146374828997
5 0.9062805638530879 0.2961696306429549 0.04013050467246146 0.06155950752393981
5 0.7970364122447205 0.4151846785225718 0.06242522949049558 0.06976744186046503
5 0.9012642507690302 0.41450068399452805 0.056851548285987125 0.09575923392612865
5 0.8951332014440709 0.5410396716826266 0.057966284526888644 0.07250341997264016
5 0.7953643078833682 0.5355677154582763 0.061310493249593916 0.06429548563611491
7 0.7886758904379577 0.66484268125855 0.05908102076779045 0.07660738714090293
7 0.8934610970827183 0.6675786593707251 0.06131049324959378 0.07660738714090286
5 0.784216945474351 0.7852257181942545 0.06353996573139739 0.0711354309165526
5 0.8851005752759555 0.7948016415868673 0.051277867081478516 0.06019151846785235
5 0.6041870425687254 0.789329685362517 0.055736812045085384 0.06839945280437747
5 0.5545812798485993 0.7913816689466483 0.04124524091336326 0.050615595075239384
5 0.502188676526219 0.7824897400820794 0.045704185876969915 0.06292749658002733
5 0.42025556281994353 0.6285909712722298 0.05127786708147859 0.06703146374829004
5 0.27032353841866397 0.6251709986320109 0.05685154828598705 0.07113543091655274
5 0.1895051609532902 0.6183310533515731 0.051277867081478516 0.06292749658002741
5 0.041245240913363165 0.6114911080711355 0.05573681204508535 0.06839945280437754
5 0.20288199584411068 0.7941176470588235 0.05796628452688875 0.05608755129958965
5 0.2809135327072302 0.8030095759233926 0.051277867081478516 0.06292749658002719
5 0.3600598058112514 0.8071135430916553 0.06019575700869218 0.05198358413132695
7 0.1248504589809912 0.7975376196990425 0.03790103219065806 0.05198358413132681
