5 0.80172240779092 0.332421340629275 0.05121008992276984 0.0683994528043775
5 0.9035735866373179 0.32694938440492477 0.05462409591762125 0.07934336525307792
5 0.8973145756467571 0.448016415868673 0.06486611390217532 0.0725034199726403
5 0.7926183918046499 0.44870041039671693 0.058038101912472516 0.08207934336525305
5 0.7977394007969266 0.19425444596443228 0.05917610391075627 0.09302325581395349
5 0.8973145756467572 0.18673050615595077 0.06714211789874269 0.10807113543091655
5 0.8984525776450409 0.07660738714090287 0.06031410590904016 0.07387140902872777
5 0.7937563938029336 0.07523939808481532 0.06259010990560782 0.07934336525307797
5 0.7954633968003592 0.5690834473324213 0.05462409591762125 0.0711354309165526
5 0.8978835766458991 0.56703146374829 0.056900099914188755 0.07523939808481522
5 0.7983084017960687 0.6976744186046511 0.05803810191247237 0.06839945280437747
5 0.8921935666544801 0.6942544459644323 0.06372811190389144 0.06703146374829004
5 0.8899175626579126 0.813953488372093 0.06600411590045908 0.07387140902872787
5 0.7954633968003592 0.8146374829001368 0.056900099914188755 0.06429548563611491
5 0.6105380720792456 0.8317373461012312 0.048934085926202325 0.0711354309165526
5 0.562741988151327 0.8337893296853625 0.04665808192963482 0.058823529411764636
5 0.5052728872379965 0.8091655266757866 0.050072087924486156 0.07523939808481529
5 0.4153707293735781 0.6716826265389878 0.045520079931351064 0.04651162790697683
5 0.36757464544565954 0.8597811217510261 0.04779608392791857 0.05608755129958965
2 0.4204917383658551 0.8276333789329685 0.03983006993993207 0.0711354309165526
2 0.07226312689101975 0.8255813953488372 0.03527806194679705 0.0725034199726403
5 0.0324330569510876 0.6730506155950752 0.04438207793306725 0.06019151846785221
5 0.17980431572883657 0.6682626538987688 0.04552007993135104 0.06429548563611491
5 0.2793794905786669 0.8488372093023255 0.042106073936499726 0.06703146374828989
5 0.20313335669365398 0.8481532147742817 0.042106073936499726 0.05471956224350194
5 0.12518021981121533 0.853625170998632 0.043244075934783466 0.04924760601915182
5 0.25149844162071444 0.4240766073871409 0.06828011989702656 0.09849521203830364
5 0.06714211789874276 0.42407660738714087 0.06828011989702656 0.08207934336525305
2 0.1416812487863301 0.3768809849521204 0.04665808192963482 0.08891928864569082
2 0.3288825775040112 0.12722298221614228 0.0409680719382159 0.08207934336525308
2 0.4546317983143684 0.04514363885088919 0.03983006993993214 0.06839945280437756
2 0.37497165843450403 0.20246238030095762 0.03527806194679705 0.08207934336525309
2 0.4182157343692876 0.20314637482900139 0.03983006993993214 0.08618331053351572
2 0.36928164844308525 0.28454172366621067 0.03300205795022954 0.07934336525307796
2 0.4153707293735781 0.286593707250342 0.03414005994851323 0.06976744186046517
2 0.37497165843450403 0.374829001367989 0.02617404596052687 0.08207934336525305
2 0.4176467333701457 0.380984952120383 0.029588051955378135 0.07523939808481536
5 0.54851696317278 0.09097127222982217 0.050072087924486156 0.06703146374829001
6 0.2614596505460761 0.6824486565292847 0.0432160804965384 0.07589848059458035
