10 0.31052182351771956 0.37414500683994534 0.08180723365401885 0.14911080711354308
4 0.38311134070367997 0.36798905608755134 0.04724079689879972 0.09302325581395345
4 0.5968471413067856 0.14774281805745557 0.04378415322327769 0.08481532147742821
4 0.6394790799715561 0.14979480164158687 0.0391752949892485 0.09439124487004102
0 0.8295944821252619 0.15937072503419972 0.0391752949892485 0.08618331053351574
4 0.9263805050398759 0.15595075239398085 0.04147972410626309 0.08207934336525308
4 0.9753496237764364 0.15389876880984954 0.040327509547755935 0.08344733242134064
8 0.7362651028861699 0.33584131326949385 0.2212251952334031 0.1846785225718194
8 0.7322323519313944 0.5307797537619698 0.23159512625996898 0.19425444596443228
2 0.9073689648245051 0.44870041039671676 0.040327509547755935 0.10943912448700409
2 0.9056406429867443 0.600547195622435 0.043784153223277826 0.11217510259917915
6 0.9500009034892756 0.8043775649794802 0.09563380835610644 0.08207934336525312
0 0.7616138231733308 0.8365253077975376 0.04147972410626309 0.08344733242134054
0 0.5778356010914151 0.8392612859097127 0.03571865131372654 0.07797537619699028
2 0.5352036624266446 0.8392612859097127 0.04032750954775573 0.08071135430916555
2 0.4902672946448597 0.841313269493844 0.033414222196711946 0.08207934336525298
2 0.42919992304397225 0.83515731874145 0.04032750954775573 0.08071135430916541
2 0.33068557829159745 0.8317373461012312 0.03226200763820465 0.07660738714090286
2 0.27998813771727593 0.8324213406292751 0.0391752949892485 0.07523939808481529
0 0.03802308043074117 0.8242134062927496 0.04608858234029233 0.0998632010943912
0 0.03917529498924848 0.6641586867305063 0.03456643675521925 0.08891928864569096
2 0.1520923217229647 0.7024623803009575 0.032262007638204616 0.08344733242134068
2 0.15382064356072564 0.5711354309165526 0.044936367781784996 0.09986320109439134
2 0.15785339451550123 0.460328317373461 0.039175294989248446 0.09439124487004101
2 0.15727728723624756 0.3440492476060191 0.03802308043074115 0.06976744186046506
0 0.1492117853266964 0.10191518467852259 0.05184965513282887 0.11080711354309165
4 0.08814441372580908 0.09986320109439123 0.07258951718596043 0.12038303693570451
2 0.47183186170874264 0.45896032831737343 0.033414222196711946 0.07250341997264023
2 0.5202248731660497 0.454172366621067 0.02880536396268269 0.07660738714090286
2 0.5876294248387272 0.47674418604651164 0.03456643675521924 0.07797537619699049
2 0.5933904976312637 0.2503419972640219 0.03456643675521924 0.08481532147742818
2 0.517920444049035 0.6484268125854993 0.04032750954775573 0.07934336525307799
2 0.4701035398709817 0.6388508891928865 0.03226200763820465 0.0738714090287278
4 0.3796546970281581 0.5752393980848153 0.03802308043074113 0.08618331053351574
4 0.33471832924637307 0.5745554035567716 0.038023080430741235 0.08755129958960324
4 0.2943908196986172 0.5800273597811217 0.051849655132828826 0.09302325581395345
4 0.2511827737545932 0.5738714090287277 0.046088582340292346 0.09986320109439127
4 0.2534872028716078 0.694938440492476 0.034566436755219206 0.09302325581395351
4 0.29669524881563186 0.698358413132695 0.04032750954775576 0.09165526675786595
4 0.33990329475965597 0.6976744186046511 0.03456643675521924 0.07660738714090286
6 0.2557916319886224 0.16415868673050615 0.08987273556357003 0.06566347469220245
5 0.28056424499652954 0.10533515731874145 0.0380230804307412 0.041039671682626525
5 0.22929069714295433 0.10601915184678523 0.03456643675521924 0.04240766073871409
5 0.228138482584447 0.04445964432284542 0.03687086587223387 0.04514363885088919
5 0.28056424499652954 0.043091655266757865 0.0380230804307412 0.04240766073871409
