2 0.3932924407572482 0.02393980848153215 0.041618247699179635 0.02872777017783858
2 0.39433289694972756 0.10807113543091657 0.03537551054430274 0.03830369357045145
2 0.39485312504596737 0.1545827633378933 0.036415966736782296 0.03556771545827633
2 0.3958935812384469 0.19972640218878246 0.03433505435182326 0.03556771545827633
2 0.3958935812384469 0.24076607387140903 0.03225414196686423 0.03283173734610124
0 0.3958935812384469 0.06497948016415869 0.03433505435182326 0.03146374829001368
0 0.7917871624768938 0.11969904240766073 0.07491284585852341 0.0533515731874145
2 0.6872213151327047 0.19220246238030098 0.028092317196946225 0.06155950752393984
2 0.6856606308439855 0.27017783857729133 0.02497094861950785 0.06429548563611487
0 0.6924235960951022 0.3755129958960329 0.040577791506700295 0.09712722298221614
0 0.7688971262423447 0.2708618331053351 0.03329459815934385 0.030095759233926066
10 0.7657757576649064 0.20588235294117646 0.07283193347356445 0.08071135430916553
2 0.5051414814487936 0.7811217510259917 0.02393049242702837 0.05471956224350194
2 0.47028619900073054 0.7845417236662107 0.02497094861950778 0.056087551299589505
2 0.43803205703386633 0.7852257181942545 0.02913277338942578 0.06019151846785235
2 0.3886103878910905 0.7872777017783857 0.017687755272151336 0.053351573187414375
2 0.3350268939783965 0.7920656634746922 0.02497094861950785 0.04924760601915182
2 0.23618355569284474 0.7906976744186046 0.020809123849589817 0.04651162790697669
2 0.2060103261109395 0.7886456908344733 0.024970948619507816 0.04240766073871413
2 0.1633516222192803 0.7886456908344733 0.02289003623454887 0.04514363885088926
2 0.04682052866157716 0.7879616963064296 0.022890036234548834 0.04651162790697683
2 0.013525930502233401 0.7900136798905609 0.018728211464630863 0.05061559507523952
0 0.061907143452529796 0.5458276333789329 0.019768667657110363 0.05198358413132681
0 0.17479664033655473 0.4746922024623803 0.018728211464630853 0.04651162790697669
0 0.21641488803573442 0.493844049247606 0.037456422929261705 0.10123119015047877
0 0.17739778081775343 0.5444596443228454 0.019768667657110335 0.04651162790697676
0 0.2710388381409078 0.5383036935704514 0.036415966736782185 0.028727770177838678
0 0.36884172023398 0.5389876880984952 0.03433505435182326 0.02462380300957591
4 0.32046050728368364 0.539671682626539 0.039537335314220705 0.023255813953488413
4 0.12433451500129934 0.4787961696306429 0.040577791506700184 0.03283173734610124
8 0.481731217118005 0.08686730506155951 0.08531740778331837 0.1600547195622435
