2 0.6651226646560258 0.25444596443228457 0.09593115355615751 0.03556771545827633
2 0.5388133124737515 0.1990424076607387 0.08633803820054169 0.0369357045143639
2 0.535615607355213 0.24418604651162792 0.08633803820054176 0.036935704514363864
2 0.5372144599144822 0.29548563611491113 0.09273344843761891 0.03830369357045143
2 0.5332173285163091 0.341313269493844 0.08793689075981106 0.03693570451436393
2 0.5380138861941169 0.38714090287277697 0.087936890759811 0.03830369357045143
0 0.6619249595374871 0.19835841313269498 0.12471049962300483 0.054719562243502044
0 0.6563289755800445 0.3112175102599179 0.11351853170811978 0.058823529411764636
0 0.2686072299572412 0.2421340629274966 0.09593115355615758 0.03009575923392614
0 0.3701343674708413 0.41928864569083446 0.08793689075981113 0.039671682626538994
0 0.16548123988437177 0.42886456908344733 0.09433230099688825 0.039671682626538994
8 0.6627243858171218 0.38372093023255816 0.11032082658958124 0.07250341997264016
8 0.7994262796346463 0.5629274965800274 0.14389673033423633 0.08071135430916555
8 0.529220197118136 0.582079343365253 0.11831508938592769 0.0725034199726403
2 0.5380138861941169 0.6443228454172367 0.09753000611542689 0.03830369357045143
2 0.4300913384434397 0.9261285909712723 0.08633803820054183 0.04103967168262656
2 0.4340884698416129 0.9692202462380299 0.09433230099688827 0.036935704514364
2 0.2750026401943183 0.9699042407660738 0.09273344843761894 0.03283173734610116
2 0.2774009190332223 0.9261285909712723 0.10072771123396543 0.043775649794801696
2 0.16947837128254503 0.8864569083447332 0.09593115355615753 0.04103967168262642
2 0.16947837128254503 0.8385772913816689 0.09273344843761898 0.03830369357045143
2 0.17027779756217967 0.5663474692202461 0.09113459587834968 0.03283173734610124
2 0.2917905920666459 0.5273597811217511 0.08793689075981106 0.039671682626538994
4 0.28779346066847267 0.56703146374829 0.0895357433190804 0.036935704514363864
0 0.40131199237659243 0.6525307797537618 0.13430361497862064 0.06019151846785228
0 0.805022263592089 0.6244870041039671 0.09433230099688827 0.04514363885088919
2 0.8034234110328196 0.43365253077975374 0.0879368907598112 0.03830369357045143
0 0.805022263592089 0.4794801641586868 0.09433230099688827 0.031463748290013666
