2 0.5378567317282787 0.10328317373461011 0.041089936410191756 0.031463748290013686
2 0.5410174960675243 0.03898768809849521 0.041089936410191756 0.03146374829001367
4 0.25918267581813237 0.01436388508891929 0.042143524523273544 0.023255813953488372
2 0.2523343530831004 0.11080711354309165 0.04951864131484644 0.03283173734610124
2 0.25444152930926406 0.17305061559507526 0.04108993641019172 0.025991792065663474
2 0.2518075590265595 0.22640218878248974 0.03582199584478254 0.02599179206566351
2 0.2528611471396413 0.32284541723666216 0.048465053201764585 0.038303693570451464
2 0.25233435308310037 0.38440492476060195 0.03687558395786432 0.02735978112175104
2 0.2539147352527232 0.4398084815321478 0.0400363482971099 0.028727770177838535
2 0.34399651892122035 0.4110807113543092 0.03898276018402804 0.0341997264021888
2 0.3450501070343022 0.2606019151846785 0.038982760184027965 0.03146374829001371
0 0.4272299798546857 0.25718194254445964 0.036875583957864395 0.03283173734610124
0 0.42881036202430844 0.4110807113543092 0.03371481961861889 0.028727770177838608
0 0.4324979204200949 0.750341997264022 0.02212535037471859 0.045143638850889116
0 0.4672663281517956 0.7564979480164158 0.02212535037471859 0.04924760601915196
2 0.4962400012615461 0.7558139534883721 0.021071762261636807 0.06703146374829004
2 0.39667592457531226 0.7564979480164158 0.03687558395786432 0.07113543091655274
2 0.3550591941085797 0.7564979480164158 0.02950046716629146 0.0683994528043776
0 0.24285206006536383 0.7571819425444596 0.03476840773170067 0.06703146374828989
0 0.25602191147888687 0.5930232558139535 0.03582199584478254 0.07797537619699049
2 0.2528611471396413 0.4958960328317374 0.04425070074943726 0.03146374829001374
2 0.5863217849300433 0.6450068399452803 0.022125350374718664 0.050615595075239384
2 0.6310992797360215 0.6491108071135432 0.02107176226163695 0.050615595075239384
0 0.889228367441072 0.7797537619699042 0.016857409809309446 0.04924760601915182
2 0.9250503632858544 0.7756497948016416 0.01896458603547316 0.04924760601915196
2 0.9561312126217687 0.7797537619699042 0.022125350374718664 0.06292749658002748
8 0.3640146930697753 0.5991792065663475 0.16962768620617605 0.1477428180574555
