10 0.30260304046599884 0.35430916552667574 0.07812872335730997 0.15868673050615595
4 0.37723346277745906 0.3515731874145007 0.0548067163849786 0.0984952120383037
4 0.5836332244825913 0.12790697674418605 0.04314571289881293 0.08344733242134064
4 0.6279450377300209 0.12859097127222985 0.03848131150434668 0.0902872777017784
4 0.9212192754070871 0.13543091655266756 0.03731521115573003 0.0875512995896033
4 0.9666971890031332 0.13885088919288646 0.034983010458497006 0.09165526675786592
0 0.8145210935086713 0.1381668946648427 0.03614911080711351 0.08207934336525309
2 0.9008125193062972 0.43228454172366626 0.047810114293279186 0.12585499316005475
2 0.8949820175632144 0.5813953488372092 0.03848131150434682 0.10943912448700409
0 0.7503855743347603 0.8105335157318742 0.03148470941264733 0.07797537619699028
0 0.5725552711707338 0.8146374829001368 0.039647411852963256 0.07523939808481529
2 0.5264943074003795 0.8077975376196992 0.03381691010988035 0.07250341997264016
2 0.48568079519879975 0.8084815321477428 0.03148470941264733 0.08207934336525298
2 0.42679272759366316 0.8071135430916553 0.03964741185296319 0.07934336525307799
2 0.3346708000529544 0.8030095759233926 0.04197961255019635 0.07387140902872773
2 0.28511153523675037 0.8112175102599178 0.040813512201579805 0.07660738714090286
2 0.15917269758616126 0.6792065663474693 0.045477913596046075 0.08891928864569096
2 0.15509134636600325 0.5533515731874145 0.034983010458496985 0.07250341997264016
2 0.15275914566877014 0.4302325581395348 0.0419796125501964 0.08071135430916548
2 0.15450829619169495 0.3146374829001368 0.03381691010988041 0.07113543091655267
0 0.14226424253122105 0.07387140902872777 0.05830501743082827 0.12038303693570451
4 0.07987787388023478 0.07181942544459644 0.05947111777944486 0.12448700410396717
4 0.2501285247782534 0.5492476060191518 0.029152508715414135 0.08618331053351574
4 0.2938572878513746 0.5567715458276333 0.03731521115573013 0.0957592339261285
4 0.3340877498786462 0.5601915184678522 0.03614911080711359 0.08891928864569074
4 0.37898261330038396 0.5567715458276333 0.037315211155730096 0.08755129958960332
4 0.339918251621729 0.6703146374829001 0.03614911080711359 0.09302325581395351
4 0.29618948854860777 0.6709986320109439 0.034983010458497006 0.08891928864569089
4 0.2571251268699528 0.6716826265389878 0.038481311504346645 0.07387140902872787
0 0.04256266272450466 0.6367989056087551 0.04314571289881293 0.08891928864569074
0 0.044311813247429506 0.7948016415868673 0.04897621464189576 0.12038303693570442
2 0.5847993248312079 0.2380300957592339 0.043145712898813 0.09302325581395347
2 0.583050174308283 0.460328317373461 0.039647411852963256 0.09165526675786595
2 0.5113350028683642 0.4316005471956224 0.029152508715414173 0.08344733242134061
2 0.46702318962093464 0.4316005471956224 0.03848131150434668 0.08618331053351574
2 0.4687723401438595 0.6238030095759234 0.03265080976126377 0.08207934336525312
2 0.5107519526940559 0.625170998632011 0.034983010458497006 0.08755129958960332
8 0.725314416839504 0.5095759233926128 0.23322006972331308 0.20109439124487005
8 0.7258974670138124 0.31053351573187415 0.22738956798023038 0.17783857729138164
5 0.9142226733153876 0.7811217510259918 0.04197961255019649 0.0711354309165526
5 0.9608666872600503 0.7948016415868673 0.03964741185296319 0.06019151846785235
5 0.21806076519129783 0.1436388508891929 0.037315211155730096 0.04651162790697676
5 0.27636578262212613 0.1429548563611491 0.04197961255019635 0.06155950752393982
5 0.27636578262212613 0.08276333789329686 0.04197961255019635 0.04514363885088919
5 0.2711183310533516 0.02188782489740082 0.043145712898812964 0.038303693570451436
5 0.21864381536560612 0.023939808481532144 0.03381691010988042 0.04240766073871408
5 0.2192268655399144 0.07660738714090287 0.03731521115573013 0.04377564979480164
