2 0.8494031221303949 0.7296346785568903 0.03673094582185485 0.04169341020325092
8 0.3677685950413223 0.7669393087387465 0.09641873278236915 0.33574167163670443
2 0.2943067033976125 0.8294794240436226 0.03948576675849402 0.061442920299527796
2 0.28971533516988063 0.7625505287173516 0.037649219467401275 0.05485975026743546
0 0.2910927456382002 0.7011076084178239 0.04407713498622592 0.054859750267435316
0 0.2943067033976125 0.8964083193698938 0.05050505050505052 0.06363731031022496
2 0.28833792470156105 0.5200704325352872 0.020202020202020207 0.09216438044929141
2 0.38888888888888884 0.5069040924711028 0.022956841138659315 0.09216438044929141
2 0.4898989898989899 0.5090984824818002 0.017447199265381103 0.08777560042789659
2 0.18732782369146006 0.5178760425245899 0.016528925619834708 0.08338682040650176
4 0.24334251606978882 0.5167788475192411 0.01836547291092746 0.10752511052417325
4 0.3415977961432507 0.5112928724924976 0.020202020202020207 0.09216438044929141
4 0.44306703397612496 0.5101956774871489 0.01744719926538103 0.08996999043859397
4 0.5463728191000918 0.5090984824818002 0.018365472910927494 0.08777560042789659
