2 0.3433598757625033 0.13543091655266756 0.04012552805237938 0.07934336525307797
2 0.46946867821283844 0.049247606019151846 0.03553975341782177 0.08207934336525308
2 0.38979084393739943 0.19562243502051985 0.029807535124624706 0.08481532147742818
2 0.4333557029656971 0.20588235294117646 0.032100422441903476 0.07523939808481533
2 0.3909372875960389 0.28796169630642954 0.03897908439373993 0.08071135430916548
2 0.43163603747773793 0.2920656634746922 0.030953978783264093 0.08618331053351572
2 0.3909372875960389 0.38440492476060195 0.03897908439373993 0.08207934336525312
2 0.43908792125889406 0.38235294117647056 0.038979084393739996 0.056087551299589575
2 0.1564895594042795 0.3761969904240766 0.042418415369658166 0.09028727770177838
5 0.5600377272453518 0.09644322845417237 0.053882851956052205 0.06703146374829004
5 0.802510561047587 0.19493844049247605 0.055029295614691734 0.08344733242134061
5 0.8947992755680596 0.19904240766073872 0.05846862659060989 0.08344733242134061
5 0.9022511593492157 0.08481532147742818 0.05961507024924941 0.07113543091655267
5 0.8002176737303083 0.320109439124487 0.04585774634557637 0.06839945280437763
5 0.9022511593492157 0.32352941176470584 0.05961507024924941 0.06703146374829
5 0.79677834275439 0.4445964432284542 0.050443520980134056 0.07387140902872773
5 0.8993850502026172 0.4425444596443229 0.05388285195605235 0.07523939808481529
5 0.8070963356821449 0.5649794801641587 0.07566528147020093 0.0711354309165526
5 0.899958272031937 0.5649794801641587 0.0573221829319705 0.06566347469220248
5 0.8019373392182675 0.8043775649794802 0.04471130268693699 0.06019151846785221
5 0.9016779375198962 0.8071135430916553 0.060761513907888656 0.06566347469220248
5 0.6248117939584785 0.8160054719562243 0.0573221829319705 0.053351573187414514
5 0.5709289420024263 0.8248974008207935 0.03439330975918232 0.04924760601915167
5 0.5216318646809316 0.8187414500683994 0.05273640829741282 0.04787961696306425
2 0.42590381918454084 0.8166894664842681 0.04012552805237938 0.07387140902872773
5 0.3748870763750871 0.8440492476060192 0.036686197076461154 0.043775649794801696
5 0.42876992833113936 0.6716826265389877 0.043564859028297605 0.06019151846785235
5 0.27743936539073727 0.6703146374829001 0.050443520980134056 0.05198358413132695
5 0.1937489783100603 0.6668946648426812 0.05273640829741286 0.05882352941176471
5 0.048150633662855234 0.6689466484268126 0.052736408297412864 0.0683994528043776
7 0.13528035171945038 0.8440492476060192 0.03897908439373994 0.04924760601915182
7 0.7990712300716689 0.6880984952120383 0.043564859028297605 0.07113543091655274
7 0.9011047156905764 0.688782489740082 0.06649373220108586 0.06703146374829004
7 0.8053766701941857 0.08618331053351573 0.05846862659061003 0.06839945280437756
5 0.2952092420996481 0.8488372093023255 0.04241841536965819 0.053351573187414375
5 0.21897073880012732 0.8481532147742817 0.03439330975918228 0.05198358413132681
5 0.026941425978026137 0.8221614227086184 0.044711302686936995 0.04651162790697683
2 0.08770293988591486 0.8221614227086184 0.03095397878326407 0.06566347469220248
