7 0.5749414948076642 0.5581395348837209 0.1272552461089745 0.08207934336525312
7 0.7451883781156167 0.5560875512995895 0.13528035171945035 0.07523939808481529
5 0.9257532543513237 0.5745554035567716 0.0745188378115617 0.07934336525307806
5 0.7921925681198323 0.3091655266757866 0.06878661951836464 0.10943912448700409
5 0.8879206136162232 0.307797537619699 0.0882761617152346 0.0984952120383037
5 0.8890670572748626 0.19699042407660738 0.06534728854244634 0.09302325581395349
5 0.7927657899491521 0.19220246238030098 0.07222595049428278 0.07797537619699042
5 0.5583180617573927 0.13474692202462382 0.05502929561469159 0.06429548563611492
7 0.5634770582212701 0.2496580027359781 0.05158996463877351 0.05882352941176471
5 0.5886988187113371 0.8549931600547197 0.06764017585972518 0.05745554035567707
5 0.789326458973234 0.8502051983584131 0.06764017585972525 0.058823529411764636
5 0.925180032522004 0.920656634746922 0.05961507024924927 0.06292749658002748
5 0.5606109490746716 0.9753761969904241 0.0573221829319705 0.04924760601915196
