2 0.14792298444829222 0.17989056087551297 0.0333833972684862 0.07523939808481533
2 0.1916667463863086 0.17852257181942544 0.0333833972684862 0.08071135430916548
2 0.44722240823472004 0.17236662106703146 0.033383397268486235 0.07660738714090287
0 0.4903905943577626 0.1682626538987688 0.039139155418225186 0.07934336525307797
0 0.5836338763835344 0.173734610123119 0.03223224563853847 0.07934336525307797
7 0.626226486691603 0.18604651162790695 0.04604606519791197 0.06566347469220243
7 0.7183186170874268 0.2975376196990424 0.04374376193801638 0.05608755129958965
10 0.6193195769119161 0.6395348837209301 0.06906909779686793 0.11901504787961692
8 0.4259261030806858 0.5170998632010945 0.06216218801718114 0.10670314637482903
8 0.44549568078979845 0.7790697674418604 0.0667667945369724 0.14911080711354302
0 0.38103118951272164 0.7879616963064295 0.034534548898434 0.09028727770177852
0 0.5243495674412226 0.7852257181942545 0.0379880037882775 0.08755129958960324
2 0.5680933293792391 0.789329685362517 0.03798800378827735 0.09575923392612865
2 0.37182197647313925 0.5321477428180574 0.04604606519791197 0.08481532147742818
0 0.36088603598863517 0.39056087551299584 0.05410412660754659 0.11901504787961692
0 0.40060076722183424 0.2893296853625171 0.03683685215832952 0.09165526675786591
2 0.48866386691284086 0.2859097127222982 0.033383397268486166 0.07660738714090286
0 0.5911163619781951 0.36388508891928867 0.033383397268486305 0.07113543091655267
0 0.3090842126409842 0.3768809849521204 0.03798800378827742 0.07797537619699042
2 0.10417922251027587 0.4247606019151847 0.03568570052838178 0.08071135430916548
2 0.05755758149738998 0.4247606019151847 0.03913915541822518 0.08071135430916548
2 0.06216218801718117 0.27564979480164165 0.03683685215832959 0.07797537619699046
2 0.10417922251027587 0.27906976744186046 0.03568570052838178 0.0957592339261286
4 0.4518270147545113 0.29001367989056087 0.03568570052838183 0.08755129958960332
4 0.6181684252819684 0.5280437756497948 0.039139155418225186 0.08207934336525305
4 0.6670923695547498 0.5225718194254446 0.033383397268486305 0.09302325581395345
4 0.7091094040478445 0.5239398084815322 0.03683685215832952 0.0984952120383037
4 0.7568821966906782 0.5225718194254446 0.033383397268486166 0.09575923392612865
4 0.8052305651484858 0.5253077975376198 0.042592610308068546 0.09028727770177845
4 0.8035038377035641 0.646374829001368 0.055255278237494425 0.13543091655266765
4 0.7476729836510958 0.6456908344733242 0.03798800378827735 0.09028727770177845
4 0.6918421295986275 0.6450068399452804 0.06676679453697247 0.12175102599179212
4 0.4932684734326321 0.5259917920656635 0.0379880037882775 0.1053351573187414
7 0.5410412660754658 0.2763337893296854 0.048348368457807635 0.06566347469220248
7 0.5352855079257267 0.33036935704514364 0.04374376193801645 0.05608755129958965
7 0.5381633870005963 0.39056087551299584 0.042592610308068546 0.05882352941176471
7 0.5381633870005963 0.4500683994528043 0.044894913567964136 0.05471956224350201
7 0.5364366595556745 0.5082079343365253 0.03683685215832959 0.04787961696306425
7 0.5387389628155702 0.5601915184678522 0.048348368457807565 0.053351573187414444
5 0.6757260067793583 0.18399452804377564 0.046046065197912045 0.06976744186046507
5 0.7298301333869048 0.18604651162790695 0.04374376193801638 0.06566347469220243
5 0.7200453445323487 0.39740082079343364 0.05410412660754659 0.050615595075239384
5 0.2313814776195077 0.8043775649794802 0.036836852158329554 0.05198358413132695
5 0.28663675585700205 0.805061559507524 0.03913915541822515 0.04787961696306425
5 0.28491002841208035 0.8659370725034199 0.040290307048172984 0.043775649794801696
5 0.2820321493372109 0.9261285909712723 0.03913915541822522 0.04651162790697669
5 0.23080590180453378 0.8659370725034199 0.0333833972684862 0.04651162790697669
5 0.2313814776195077 0.9233926128590971 0.036836852158329554 0.04377564979480155
5 0.22850359854463817 0.9808481532147744 0.0356857005283818 0.03830369357045143
5 0.2774275428174197 0.9808481532147744 0.03683685215832959 0.0355677154582763
0 0.15195201515310955 0.9596443228454171 0.05985988475728558 0.08071135430916555
0 0.7655158339152867 0.27359781121751026 0.03223224563853847 0.0766073871409029
