2 0.1778004304238223 0.2551299589603283 0.03901576843155972 0.08344733242134061
2 0.17278411733976462 0.3707250341997264 0.033442087227051207 0.09028727770177838
2 0.1694399086170595 0.49726402188782487 0.035671559708854626 0.08891928864569089
2 0.16386622741255097 0.6244870041039672 0.03567155970885464 0.08071135430916555
0 0.05908102076779048 0.5882352941176471 0.037901032190658046 0.09302325581395345
0 0.04737629023832255 0.749658002735978 0.06353996573139732 0.12859097127222982
0 0.5757612684257317 0.7742818057455539 0.036786295949756395 0.08755129958960324
0 0.7530043307291032 0.780437756497948 0.03455682346795285 0.08618331053351568
2 0.9073953000939896 0.5567715458276333 0.04681892211787158 0.11491108071135436
2 0.9107395088166947 0.39261285909712723 0.04458944963606825 0.10670314637482903
0 0.8393963893989854 0.09370725034199726 0.03121261474524772 0.08891928864569085
2 0.6064165150505287 0.18878248974008208 0.037901032190657984 0.07934336525307797
2 0.48379552855134095 0.38919288645690836 0.03790103219065806 0.08891928864569082
2 0.5322865550305651 0.3850889192886457 0.036786295949756326 0.08891928864569089
2 0.605301778809627 0.4172366621067032 0.04013050467246153 0.0984952120383037
2 0.4804513198286358 0.5752393980848153 0.04235997715426485 0.08891928864569074
2 0.5200244563806463 0.5779753761969905 0.03455682346795285 0.08344733242134061
2 0.5350733956328194 0.7783857729138167 0.04013050467246138 0.08207934336525312
2 0.49271341847855454 0.7770177838577291 0.03790103219065806 0.09028727770177852
2 0.42917345274715724 0.7688098495212037 0.031212614745247863 0.08755129958960324
2 0.33330613602961046 0.7640218878248974 0.03344208722705119 0.08071135430916541
2 0.2903887907548947 0.7667578659370724 0.03455682346795296 0.08891928864569096
4 0.25861880788919606 0.621751025991792 0.035671559708854626 0.09712722298221607
4 0.308224570609322 0.6272229822161423 0.036786295949756326 0.08618331053351568
4 0.3427813940772749 0.6347469220246238 0.03232735098614953 0.08755129958960332
4 0.39405926115875345 0.2920656634746922 0.04124524091336319 0.08891928864569082
10 0.3266177185842002 0.2948016415868673 0.0847199543085297 0.14911080711354308
4 0.6114328281345864 0.0752393980848153 0.04124524091336312 0.10123119015047878
4 0.6532354371684004 0.07455540355677154 0.03344208722705105 0.08618331053351572
8 0.7446438089223405 0.26880984952120385 0.22517672066214495 0.19015047879616961
8 0.7368406552360284 0.4705882352941177 0.2251767206621448 0.19151846785225715
4 0.26530722533460627 0.5013679890560876 0.04013050467246146 0.08891928864569074
4 0.3071098343684203 0.5013679890560876 0.03455682346795293 0.07797537619699042
4 0.3477977071613326 0.5068399452804377 0.031212614745247863 0.07797537619699035
4 0.3873708437133432 0.506155950752394 0.036786295949756395 0.08207934336525312
4 0.9369358104778849 0.10259917920656633 0.039015768431559794 0.09575923392612859
4 0.982082628234404 0.10123119015047881 0.03567155970885466 0.09302325581395349
5 0.30655246624796945 0.08755129958960328 0.046818922117871684 0.05198358413132695
5 0.2502582860824332 0.08481532147742818 0.036786295949756326 0.04651162790697674
5 0.25360249480513836 0.025991792065663474 0.03455682346795293 0.04377564979480164
5 0.3059950981275186 0.025307797537619695 0.036786295949756326 0.04514363885088919
