2 0.4680535416752089 0.09781121751025992 0.11701338541880225 0.05061559507523939
2 0.6248839818545757 0.09644322845417237 0.11538819951020769 0.0451436388508892
0 0.8499722301949106 0.2428180574555404 0.09101041088129065 0.04514363885088923
0 0.17389489221960885 0.030779753761969904 0.09101041088129062 0.03419972640218878
2 0.16983192744812264 0.07797537619699042 0.08288448133831824 0.04651162790697676
0 0.1682067415395282 0.17441860465116277 0.0861348531555072 0.04514363885088917
2 0.2608423383294133 0.4103967168262654 0.08288448133831822 0.03830369357045143
2 0.4973068880299094 0.4117647058823529 0.09426078269847964 0.03556771545827637
2 0.4639905769037227 0.48632010943912446 0.09263559678988514 0.039671682626538994
2 0.47049132053810055 0.5307797537619698 0.09263559678988514 0.03556771545827644
2 0.6622632577522487 0.4870041039671683 0.09588596860707405 0.03556771545827637
2 0.6573877000264652 0.5307797537619698 0.08938522497269609 0.04103967168262656
2 0.8483470442863159 0.4712722298221614 0.0845096672469127 0.039671682626538925
2 0.8532226020120994 0.5150478796169631 0.09426078269847948 0.036935704514363864
0 0.10726226996723537 0.857045143638851 0.11701338541880218 0.06976744186046517
0 0.6777025238838962 0.9582763337893297 0.08776003906410168 0.04240766073871413
0 0.8361581499718573 0.96374829001368 0.1251393149617745 0.053351573187414514
2 0.35185274921070386 0.8467852257181943 0.09588596860707409 0.038303693570451575
2 0.4639905769037226 0.8488372093023255 0.08613485315550712 0.03419972640218887
2 0.5850669270940111 0.8467852257181943 0.08450966724691263 0.030095759233926173
2 0.7102062420557858 0.8474692202462382 0.08125929542972372 0.036935704514364
2 0.8467218583777216 0.6751025991792065 0.0845096672469127 0.03419972640218859
2 0.8459092654234243 0.5779753761969905 0.08613485315550719 0.0341997264021888
4 0.5875047059569029 0.621751025991792 0.08613485315550719 0.045143638850889116
4 0.591567670728389 0.6675786593707249 0.0845096672469127 0.03830369357045143
4 0.5883172989112001 0.710670314637483 0.08776003906410168 0.036935704514364
4 0.7126440209186774 0.6716826265389878 0.08938522497269616 0.03830369357045143
4 0.71183142796438 0.7093023255813954 0.08776003906410168 0.036935704514363864
4 0.38516906033689063 0.625170998632011 0.09101041088129065 0.04651162790697676
4 0.15845562608796132 0.36593707250341995 0.09263559678988507 0.042407660738714055
4 0.16089340495085303 0.4117647058823529 0.08450966724691268 0.03556771545827637
4 0.8475344513320188 0.4247606019151847 0.08938522497269616 0.03693570451436393
10 0.390044618062674 0.7004103967168263 0.1560178472250696 0.07934336525307799
4 0.1097000488301271 0.9240766073871408 0.12838968677896356 0.06155950752393977
4 0.591567670728389 0.7489740082079344 0.08776003906410168 0.036935704514363864
4 0.708581056147191 0.7551299589603283 0.08776003906410168 0.030095759233926173
