2 0.5441570248036384 0.20109439124487005 0.08545280685805282 0.03830369357045143
2 0.544963183358903 0.2476060191518468 0.07739122130540636 0.03830369357045143
2 0.544963183358903 0.29685362517099867 0.09028975818964077 0.03830369357045143
2 0.5465755004694324 0.3454172366621067 0.08384048974752353 0.036935704514363864
2 0.5457693419141677 0.3919288645690834 0.0886774410791115 0.03693570451436393
0 0.6666931252038651 0.3173734610123119 0.11769914906863889 0.057455540355677105
0 0.6747547107565117 0.2051983584131327 0.12092378328969744 0.05198358413132695
0 0.2740939087899808 0.24555403556771543 0.09673902663175792 0.04240766073871409
0 0.37970067952965 0.42339261285909713 0.08545280685805282 0.039671682626538994
0 0.1757425650476936 0.4357045143638851 0.08706512396858214 0.03693570451436393
0 0.172517930826635 0.5314637482900137 0.09028975818964073 0.039671682626538925
2 0.3006971411137143 0.5328317373461012 0.08222817263699429 0.036935704514363864
2 0.8134139822620312 0.43707250341997267 0.08545280685805282 0.036935704514363864
8 0.6699177594249238 0.3878248974008208 0.1144745148475802 0.07250341997264023
8 0.8118016651515021 0.5629274965800274 0.14349622283710772 0.08618331053351568
0 0.814220140817296 0.48153214774281805 0.08384048974752346 0.0355677154582763
0 0.8174447750383547 0.627906976744186 0.0838404897475236 0.04103967168262649
0 0.3966300091902076 0.7113543091655267 0.08706512396858208 0.038303693570451575
0 0.40952854607444195 0.6600547195622436 0.11931146617916816 0.06155950752393977
0 0.3023094582242436 0.6183310533515731 0.09190207530017008 0.03556771545827637
4 0.30230945822424354 0.573187414500684 0.09835134374228723 0.0383036935704515
2 0.5538309274668143 0.6470588235294117 0.08867744107911144 0.03830369357045136
2 0.6723362350907177 0.2578659370725035 0.07739122130540643 0.0369357045143639
2 0.1789671992687522 0.841313269493844 0.08061585552646494 0.04103967168262656
2 0.1805795163792815 0.8885088919288645 0.07739122130540635 0.036935704514363864
2 0.2877986042294799 0.9322845417236663 0.08222817263699429 0.04240766073871413
2 0.2877986042294799 0.9740082079343365 0.08545280685805284 0.038303693570451575
2 0.4433872053955572 0.929548563611491 0.08061585552646491 0.042407660738713986
2 0.44258104684029265 0.9719562243502051 0.07900353841593563 0.03146374829001374
4 0.5489939761352264 0.5239398084815322 0.08867744107911144 0.03283173734610124
8 0.5377077563615212 0.5889192886456909 0.10480061218440447 0.07250341997264016
