8 0.366850321395776 0.7871420776559116 0.09274563820018365 0.31832155547570573
2 0.8549127640036731 0.7319230323182891 0.038567493112947486 0.047639960683438856
2 0.4940312213039486 0.5348668313095191 0.020202020202020138 0.09527992136687793
2 0.3907254361799816 0.5305359257928428 0.017447199265381103 0.08228720481684909
2 0.19008264462809918 0.5413631895845334 0.01836547291092746 0.0909490158502016
2 0.29109274563820015 0.5370322840678571 0.025711662075298455 0.0909490158502016
4 0.24150596877869607 0.5381150104470263 0.020202020202020207 0.09744537412521595
4 0.34343434343434337 0.53378410493035 0.02938475665748392 0.08878356309186344
4 0.4471992653810835 0.5359495576886881 0.02203856749311292 0.08878356309186351
4 0.5514233241505968 0.5305359257928428 0.028466483011937528 0.08228720481684909
2 0.29614325068870523 0.7795629930017282 0.03948576675849402 0.05630177171679151
2 0.2943067033976125 0.842361122993534 0.03581267217630856 0.05197086620011518
0 0.29201101928374656 0.9008283474686636 0.04040404040404045 0.05197086620011518
0 0.2933884297520661 0.7178475893890913 0.041322314049586806 0.0584672244751296
