2 0.12077580377725657 0.22435020519835847 0.029457513116404054 0.06292749658002737
2 0.1590705708285818 0.22024623803009574 0.03770561678899716 0.0738714090287278
2 0.41888583651526545 0.2051983584131327 0.029457513116404002 0.08481532147742818
0 0.4542348522549503 0.20041039671682626 0.04124051836296566 0.08071135430916553
0 0.5490880444897712 0.19972640218878251 0.032992414690372486 0.07934336525307799
0 0.7299571750244922 0.286593707250342 0.02945751311640393 0.06429548563611487
0 0.5567469979000365 0.3878248974008208 0.03652731626434097 0.07523939808481536
0 0.371753815529019 0.3262653898768809 0.04831032151090262 0.08071135430916553
0 0.3316915976907095 0.4199726402188783 0.055380124658839555 0.09575923392612858
0 0.2792572243435103 0.4151846785225718 0.03770561678899718 0.06429548563611491
2 0.08130273620127515 0.33036935704514364 0.04006221783830949 0.08344733242134066
2 0.03770561678899717 0.33447332421340625 0.03770561678899717 0.06703146374829
2 0.03947306757598141 0.48084815321477437 0.04359711941227798 0.07797537619699049
2 0.07423293305333818 0.47469220246238025 0.028279212591747864 0.07660738714090279
2 0.33640479978933413 0.5636114911080712 0.029457513116404002 0.06839945280437754
8 0.3953198260221423 0.5554035567715458 0.07423293305333821 0.10943912448700409
8 0.415350934941297 0.8119015047879617 0.0648065288560889 0.1354309165526675
0 0.4919404690439475 0.8166894664842681 0.029457513116404144 0.08207934336525312
2 0.54025079055485 0.8125854993160055 0.03181411416571635 0.076607387140903
0 0.3517227066098642 0.8214774281805746 0.038883917313653316 0.08344733242134054
10 0.590917713115065 0.6723666210670314 0.07187633200402586 0.11901504787961685
4 0.7146392682039621 0.6709986320109439 0.05066692256021497 0.09165526675786595
4 0.6627940451190909 0.6716826265389877 0.06009332675746428 0.12311901504787955
4 0.7782674965353948 0.6593707250341998 0.053023523609527244 0.12859097127222996
4 0.7806240975847071 0.5471956224350205 0.03888391731365317 0.09302325581395345
4 0.7276005739751799 0.5485636114911081 0.03181411416571635 0.08481532147742818
4 0.6834143043005738 0.5533515731874146 0.032992414690372555 0.09165526675786595
4 0.6374605838389834 0.5533515731874146 0.0424188188876218 0.07797537619699042
4 0.5867936612787684 0.5533515731874146 0.03534901573968483 0.09165526675786595
2 0.458948054353575 0.32558139534883723 0.034170715215028694 0.07113543091655262
4 0.42065328730224977 0.32831737346101236 0.03770561678899718 0.09302325581395351
7 0.6015224178369705 0.20383036935704518 0.04831032151090262 0.0766073871409029
7 0.6881275063991984 0.3132694938440492 0.0424188188876218 0.06566347469220243
5 0.6987322111211038 0.20041039671682626 0.05891502623280814 0.0697674418604651
5 0.6474761382985608 0.20656634746922023 0.038883917313653385 0.06019151846785224
5 0.6863600556122141 0.43091655266757867 0.041240518362965585 0.05198358413132695
4 0.4642504067145277 0.5629274965800274 0.044775419936934215 0.09165526675786595
