0 0.3608045988573268 0.2606019151846785 0.02452070089321644 0.036935704514363864
0 0.3984613895147662 0.2606019151846785 0.01926626498752718 0.036935704514363864
0 0.43086374426651647 0.2647058823529412 0.024520700893216372 0.0341997264021888
2 0.41597617586706365 0.22571819425444598 0.04728992315120301 0.02735978112175104
2 0.3143904150237386 0.2660738714090287 0.0297751367989056 0.05882352941176471
0 0.10859167538424398 0.22982216142270862 0.024520700893216372 0.03830369357045143
2 0.10946741470185885 0.18125854993160054 0.02276922225798664 0.031463748290013666
2 0.10684019674901425 0.13269493844049246 0.021017743622756893 0.03830369357045145
0 0.46326609901826665 0.4445964432284542 0.054295837692122005 0.07387140902872773
0 0.2811123209543735 0.448016415868673 0.04728992315120301 0.025991792065663474
0 0.14274550877122394 0.4685362517099863 0.026272179528446137 0.03419972640218873
0 0.14011829081837932 0.5116279069767442 0.02101774362275691 0.03283173734610116
2 0.09983428220809526 0.47195622435020523 0.02452070089321639 0.03556771545827637
2 0.09457984630240604 0.5430916552667578 0.035029572704594815 0.04924760601915182
2 0.08231949585579786 0.5861833105335158 0.0665561881387302 0.031463748290013596
0 0.33102946205842115 0.579343365253078 0.042035487245513786 0.025991792065663474
0 0.5254435905689224 0.60328317373461 0.049041401786432744 0.06839945280437754
2 0.4168519151846785 0.5157318741450068 0.02101774362275691 0.03556771545827637
2 0.5298222871569969 0.454172366621067 0.061301752233041 0.03283173734610124
2 0.5263193298865373 0.4958960328317373 0.06480470950350031 0.028727770177838535
2 0.40809452200852975 0.009575923392612859 0.04203548724551375 0.016415868673050615
2 0.5123075008046994 0.012311901504787962 0.04728992315120301 0.024623803009575923
2 0.6051358684718757 0.011627906976744184 0.04378696588074348 0.02051983584131327
8 0.5946269966604972 0.6812585499316006 0.07181062404441946 0.07660738714090286
0 0.6795737104691397 0.6853625170998632 0.052544359056892344 0.076607387140903
2 0.5972542146133419 0.6060191518467852 0.07005914540918966 0.030095759233926173
2 0.6708163172929911 0.6053351573187414 0.06305323086827067 0.03146374829001381
0 0.5254435905689224 0.6867305061559508 0.024520700893216372 0.03283173734610131
0 0.0902011497143317 0.7777017783857729 0.09983428220809529 0.04514363885088926
8 0.24783422688500842 0.5143638850889193 0.1698934276172849 0.08481532147742818
4 0.4177276545022934 0.10465116279069767 0.050792880421662544 0.025991792065663474
4 0.4203548724551379 0.12995896032831739 0.052544359056892274 0.02735978112175104
4 0.4151004365494488 0.1580027359781122 0.056047316327351736 0.02599179206566349
4 0.4194791331375231 0.1846785225718194 0.04728992315120301 0.02462380300957591
