8 0.37076006778797643 0.802247191011236 0.09648031503776337 0.31460674157303375
2 0.8508644926187514 0.7471910112359551 0.04410528687440617 0.05617977528089881
2 0.49204960669259323 0.5382022471910112 0.01378290214825192 0.08764044943820232
2 0.3909749909387459 0.5426966292134832 0.021133783293986283 0.09213483146067404
2 0.2894409451132901 0.5494382022471911 0.02572808401007027 0.08764044943820223
2 0.1879068992878344 0.548314606741573 0.017458342721119065 0.08089887640449434
2 0.2935758157577657 0.8 0.03767326587188858 0.05393258426966284
2 0.29495410597259086 0.856179775280899 0.03675440572867178 0.04494382022471911
0 0.29311638568615733 0.9202247191011236 0.04042984630153896 0.05617977528089895
0 0.2926569556145489 0.7382022471910112 0.037673265871888545 0.05617977528089881
4 0.24441679809566721 0.551685393258427 0.018377202864335907 0.10561797752808992
4 0.34549141384951454 0.551685393258427 0.018377202864335872 0.09213483146067411
4 0.4447283093169284 0.547191011235955 0.02021492315076948 0.09662921348314611
4 0.5471812152856009 0.5438202247191012 0.02297150358041982 0.0853932584269662
