2 0.1556212890611011 0.06292749658002736 0.08663453205463359 0.03556771545827633
0 0.15562128906110112 0.01573187414500684 0.08021715930984592 0.03146374829001368
0 0.15882997543349492 0.16279069767441862 0.08021715930984591 0.03283173734610124
0 0.8190171965535271 0.20656634746922023 0.09144756161322434 0.04377564979480166
2 0.5928048072997614 0.06771545827633378 0.10428230710279976 0.04240766073871408
2 0.4371835182386603 0.0704514363885089 0.1106996798475874 0.0451436388508892
2 0.2607057677569993 0.38372093023255816 0.07861281612364902 0.031463748290013666
2 0.4933355297555525 0.37961696306429543 0.07861281612364905 0.042407660738714055
2 0.46445735240400793 0.4521203830369357 0.08503018886843669 0.039671682626538994
2 0.4668638671833033 0.49658002735978113 0.08342584568223983 0.0383036935704515
2 0.6457481324442597 0.448016415868673 0.08503018886843669 0.039671682626538994
2 0.6449459608511613 0.4904240766073872 0.08663453205463355 0.0341997264021888
2 0.8302475988569055 0.42339261285909713 0.07861281612364891 0.039671682626538994
2 0.8294454272638069 0.4658002735978112 0.08342584568223983 0.03419972640218873
2 0.8374671431947915 0.5273597811217511 0.08984321842702742 0.0341997264021888
0 0.8358628000085946 0.38303693570451436 0.08984321842702742 0.04103967168262656
0 0.8318519420431022 0.579343365253078 0.10749099347519361 0.053351573187414444
0 0.8494997170912684 0.914500683994528 0.11711705259237505 0.06155950752393977
0 0.6890653984715766 0.9110807113543092 0.0946562479856182 0.04103967168262656
0 0.13476482764054115 0.8221614227086184 0.12193008215096582 0.06292749658002733
4 0.13476482764054115 0.8905608755129958 0.12193008215096582 0.0683994528043776
10 0.3866467078734574 0.6559507523939808 0.14118220038532883 0.08344733242134054
2 0.3673945896390943 0.8084815321477429 0.08984321842702742 0.03556771545827644
2 0.4821051274521741 0.8043775649794802 0.0818215024960429 0.03556771545827644
2 0.5944091504859584 0.8036935704514363 0.0754041297512552 0.03419972640218887
2 0.7123283746714318 0.8002735978112177 0.08342584568223983 0.0355677154582763
2 0.839873657974087 0.6709986320109439 0.08182150249604277 0.039671682626538994
2 0.8382693147878899 0.6299589603283173 0.08503018886843677 0.031463748290013596
4 0.15722563224729802 0.3406292749658003 0.08663453205463359 0.03830369357045143
4 0.1596321470265934 0.3864569083447333 0.08823887524083053 0.0341997264021888
4 0.5887939493342692 0.5827633378932969 0.08984321842702749 0.04103967168262656
4 0.3850423646872605 0.5875512995896033 0.08984321842702742 0.03693570451436393
4 0.590398292520466 0.6299589603283173 0.08984321842702749 0.03693570451436393
4 0.7067131735197427 0.6238030095759234 0.08503018886843677 0.04103967168262642
4 0.7083175167059396 0.6682626538987688 0.0818215024960429 0.03419972640218873
4 0.7123283746714318 0.7079343365253078 0.07379978656505827 0.04240766073871413
4 0.5936069788928598 0.7086183310533517 0.09626059117181512 0.0355677154582763
4 0.5944091504859584 0.6709986320109439 0.08182150249604284 0.036935704514363864
