2 0.1709237913540638 0.07045143638850888 0.08945544220399598 0.03967168262653898
2 0.4616539785170508 0.08481532147742818 0.11181930275499503 0.04651162790697674
2 0.6197984209848294 0.08139534883720931 0.10862446553342366 0.05061559507523939
2 0.27156116383355927 0.40492476060191523 0.09265027942556724 0.04103967168262656
2 0.5047842810082631 0.4008207934336525 0.09265027942556728 0.03830369357045143
2 0.4744333274033359 0.4787961696306429 0.08945544220399604 0.03830369357045143
2 0.4728359087925503 0.5198358413132695 0.09265027942556728 0.03830369357045136
2 0.6581364676436848 0.521203830369357 0.08626060498242474 0.0355677154582763
2 0.6589351769490777 0.47195622435020523 0.08785802359321032 0.04103967168262649
2 0.8466318637163908 0.4528043775649795 0.08626060498242481 0.04651162790697676
2 0.8490279916325691 0.49726402188782487 0.08785802359321025 0.031463748290013596
2 0.8482292823271763 0.560875512995896 0.08945544220399597 0.043775649794801696
0 0.8482292823271763 0.6142270861833105 0.11820897719813757 0.04924760601915196
2 0.8514241195487476 0.6627906976744186 0.0798709305392822 0.04240766073871427
2 0.8522228288541405 0.7079343365253078 0.0910528608147817 0.03419972640218873
2 0.7220332120751106 0.8406292749658003 0.08945544220399611 0.039671682626538994
2 0.6006293976554017 0.8392612859097127 0.09265027942556728 0.039671682626538994
2 0.4760307460141216 0.841313269493844 0.08626060498242474 0.03556771545827644
2 0.36181531534294803 0.8426812585499317 0.08785802359321035 0.03283173734610116
0 0.12379994233588733 0.8563611491108071 0.11661155858735192 0.06019151846785221
4 0.1230012330304945 0.920656634746922 0.11820897719813757 0.06019151846785221
0 0.6884874212486122 0.9521203830369356 0.0830657677608535 0.043775649794801696
0 0.8466318637163905 0.9562243502051985 0.11820897719813772 0.06019151846785221
4 0.16213798899474274 0.3604651162790698 0.09424769803635291 0.036935704514363794
4 0.16613153552170687 0.4008207934336525 0.09265027942556729 0.04103967168262649
4 0.3897701410316969 0.6162790697674418 0.08945544220399597 0.042407660738714055
4 0.5934410139068663 0.6149110807113543 0.09424769803635286 0.0341997264021888
4 0.5958371418230448 0.6614227086183311 0.08306576776085337 0.036935704514363864
4 0.7188383748535392 0.661422708618331 0.08626060498242481 0.039671682626538994
4 0.7180396655481465 0.7017783857729136 0.08785802359321039 0.03830369357045143
4 0.5982332697392233 0.7031463748290014 0.08785802359321039 0.03283173734610131
10 0.39456239686405375 0.6915184678522571 0.14376767497070786 0.08344733242134054
0 0.8490279916325691 0.40971272229822164 0.08785802359321025 0.039671682626538994
0 0.8458331544109978 0.2277701778385773 0.08785802359321039 0.04514363885088919
0 0.17331991927024223 0.17099863201094392 0.09105286081478163 0.03830369357045145
0 0.17651475649181353 0.022571819425444596 0.09424769803635293 0.03419972640218878
4 0.6030255255715802 0.7441860465116278 0.09744253525792416 0.0355677154582763
4 0.7156435376319681 0.7428180574555404 0.08626060498242466 0.03283173734610131
