2 0.18461196600188878 0.5127659574468084 0.022043219821121056 0.09361702127659577
2 0.2856433901820269 0.5148936170212766 0.0202062848360276 0.08085106382978723
2 0.38713404810843843 0.5212765957446809 0.019287817343480996 0.0808510638297873
2 0.48862470603484986 0.522340425531915 0.018369349850934212 0.08723404255319153
4 0.5464881580652926 0.5308510638297872 0.020206284836027565 0.1
4 0.4459159676314279 0.526595744680851 0.019287817343480854 0.10425531914893611
4 0.3430476084661963 0.5212765957446809 0.015613947373294081 0.0936170212765957
4 0.24247541803233152 0.5170212765957447 0.020206284836027634 0.08085106382978723
2 0.8518785993370738 0.7510638297872342 0.03582023220932171 0.05531914893617014
2 0.2888580264059404 0.7606382978723404 0.041331037164601944 0.053191489361702225
2 0.2902357276447604 0.8265957446808511 0.036738699701868424 0.05319148936170208
0 0.2865618576745736 0.8882978723404256 0.03490176471677497 0.05319148936170208
0 0.2888580264059404 0.6978723404255319 0.035820232209321755 0.04680851063829777
8 0.3623354258096772 0.7617021276595745 0.10194989167268488 0.327659574468085
