8 0.36593204775022964 0.7875711285733641 0.10376492194674018 0.3124068554396423
2 0.28466483011937554 0.5374271778891749 0.025711662075298455 0.08738653299010977
2 0.18732782369146006 0.546165831188186 0.023875114784205707 0.10486383958813171
2 0.38888888888888884 0.5385195095515513 0.0211202938475666 0.09394052296436797
2 0.48668503213957764 0.5330578512396694 0.014692378328741923 0.09175585963961531
4 0.5426997245179064 0.5330578512396694 0.02203856749311292 0.09612518628912077
4 0.33976124885215797 0.5352425145644222 0.020202020202020138 0.09175585963961531
4 0.440771349862259 0.5330578512396694 0.02020202020202028 0.09612518628912077
4 0.23921028466483013 0.5352425145644222 0.024793388429752098 0.09175585963961531
2 0.290633608815427 0.7842941335862349 0.03764921946740131 0.04806259314456043
2 0.28971533516988063 0.8443723750169354 0.03213957759412299 0.04150860317030222
0 0.2878787878787879 0.9066352797723886 0.03397612488521577 0.04806259314456043
0 0.2878787878787879 0.7176619021812762 0.035812672176308485 0.050247256469313016
3 0.8471074380165288 0.7460625254030621 0.05234159779614331 0.04587792981980769
