8 0.36786993662165884 0.7642543859649124 0.09644530173601538 0.3530701754385964
2 0.29438780196564707 0.7675438596491228 0.04133370074400663 0.04824561403508753
2 0.29346927528244693 0.8333333333333333 0.037659594011206006 0.052631578947368494
0 0.2953063286488472 0.9013157894736843 0.043170754110406905 0.07017543859649124
0 0.29484706530724714 0.7061403508771928 0.04041517406080647 0.048245614035087814
2 0.19013502342243044 0.5230263157894737 0.020207587030403252 0.08991228070175439
2 0.2897951685496464 0.5142543859649124 0.019289060347203096 0.09868421052631582
2 0.3912923670432626 0.5164473684210527 0.018370533664002976 0.09868421052631575
2 0.49049324882887846 0.5098684210526316 0.018370533664002976 0.09868421052631582
4 0.5451455864792872 0.5142543859649122 0.022963167080003687 0.10307017543859644
2 0.8560668687425368 0.7313596491228069 0.042252227427206746 0.05043859649122794
4 0.4487002847432717 0.513157894736842 0.01928906034720306 0.10526315789473678
4 0.3435289795168549 0.5142543859649122 0.023881693763203843 0.09429824561403506
4 0.24157251768163865 0.5175438596491229 0.020207587030403217 0.10087719298245616
