2 0.3393271874804023 0.13679890560875513 0.033414222196711946 0.08207934336525308
2 0.46779911075396713 0.046511627906976744 0.0391752949892485 0.08481532147742818
2 0.381383018865919 0.1990424076607387 0.02995757852119006 0.06976744186046513
2 0.4274716012062113 0.1969904240766074 0.03226200763820458 0.08481532147742821
2 0.3848396625414409 0.28864569083447333 0.03456643675521924 0.07113543091655267
2 0.42919992304397225 0.29001367989056087 0.02880536396268269 0.08207934336525309
2 0.381383018865919 0.3768809849521204 0.03456643675521924 0.0725034199726403
2 0.428047708485465 0.3768809849521203 0.028805363962682618 0.08071135430916548
2 0.15151621444371102 0.3782489740082079 0.03802308043074113 0.08344733242134061
6 0.5352036624266446 0.8098495212038305 0.08180723365401889 0.06292749658002733
6 0.5905099612349953 0.8180574555403557 0.10024266659013577 0.06019151846785235
5 0.7863864361812378 0.7995896032831737 0.06567622983491646 0.06976744186046503
5 0.8883574246091345 0.805061559507524 0.06913287351043848 0.06429548563611505
5 0.7990607963248182 0.6792065663474693 0.05876294248387268 0.07250341997264016
5 0.8946946046809248 0.682626538987688 0.06337180071790201 0.0683994528043776
5 0.8906618537261493 0.5642954856361149 0.055306298808350786 0.05882352941176471
5 0.807702405513623 0.5581395348837209 0.06221958615939457 0.0683994528043776
5 0.8036696545588475 0.4384404924760602 0.04954522601581417 0.07250341997264023
5 0.8866291027713737 0.43365253077975374 0.06337180071790201 0.07387140902872773
5 0.8929662828431637 0.3228454172366621 0.05761072792536552 0.06839945280437756
5 0.7961802599285499 0.3173734610123119 0.04839301145730701 0.06292749658002737
5 0.8025174400003401 0.20451436388508892 0.05415408424984349 0.07250341997264023
5 0.8969990337979393 0.20109439124487005 0.05645851336685809 0.08207934336525309
5 0.8941184974016712 0.08481532147742818 0.0506974405743216 0.05471956224350206
7 0.7979085817663109 0.08002735978112174 0.04724079689879972 0.06976744186046512
2 0.08238334093327254 0.8071135430916553 0.02880536396268269 0.07387140902872773
2 0.42516717208919674 0.8084815321477429 0.03226200763820458 0.08481532147742826
5 0.19357204582922777 0.661422708618331 0.050697440574321566 0.061559507523939704
5 0.27422706492473936 0.6580027359781121 0.06221958615939464 0.05745554035567707
5 0.42516717208919674 0.6634746922024624 0.0391752949892485 0.05471956224350208
5 0.3658281223260703 0.8324213406292751 0.049545226015814306 0.053351573187414514
5 0.2909341760230953 0.8337893296853625 0.04032750954775583 0.05061559507523952
5 0.213159693323852 0.8372093023255814 0.0391752949892485 0.04651162790697683
7 0.13192856694908678 0.8378932968536251 0.04263193866477042 0.04787961696306439
5 0.043208045944024054 0.6559507523939808 0.04724079689879965 0.06155950752393977
5 0.5553674172005225 0.10191518467852259 0.046088582340292346 0.050615595075239404
