0 0.549360869629172 0.2831737346101231 0.03953733531422081 0.10396716826265387
2 0.5977420825794684 0.29890560875512995 0.0197686676571103 0.056087551299589616
0 0.5977420825794684 0.36114911080711354 0.0197686676571103 0.04377564979480162
0 0.5483204134366925 0.3700410396716826 0.03537551054430281 0.028727770177838608
2 0.6154298378516198 0.4432284541723666 0.017687755272151405 0.04924760601915182
2 0.7090708951747741 0.6963064295485637 0.015606842887192442 0.05745554035567707
2 0.8495324811595055 0.6908344733242134 0.017687755272151263 0.04377564979480155
2 0.8828270793188493 0.6935704514363885 0.017687755272151263 0.04651162790697683
4 0.8172783391926413 0.6942544459644323 0.021849580042069192 0.04787961696306439
2 0.9728265399683254 0.5752393980848154 0.01456638669471289 0.045143638850889116
2 0.9728265399683255 0.47195622435020523 0.01872821146463096 0.05745554035567715
2 0.9707456275833664 0.36730506155950754 0.016647299079671996 0.050615595075239384
2 0.520748324335986 0.8344733242134064 0.03433505435182326 0.03009575923392603
2 0.5233494648171847 0.9343365253077975 0.037456422929261775 0.02735978112175104
4 0.43022863559027014 0.8768809849521203 0.02393049242702837 0.04651162790697669
4 0.24762857381011918 0.8529411764705883 0.039537335314220705 0.025991792065663617
4 0.20705078230341897 0.9069767441860465 0.02289003623454885 0.04924760601915182
4 0.2445072052326807 0.8912448700410397 0.031213685774384742 0.03146374829001374
4 0.2429465209439615 0.9343365253077974 0.04265870389165915 0.03283173734610116
4 0.24762857381011918 0.9753761969904241 0.041618247699179704 0.030095759233926173
4 0.11913223403890187 0.5533515731874146 0.038496879121741226 0.031463748290013596
4 0.15710888506440338 0.4993160054719563 0.03537551054430276 0.030095759233926104
4 0.15710888506440335 0.41655266757865933 0.020809123849589835 0.04514363885088919
