7 0.8072351543472446 0.07250341997264022 0.07454824995350151 0.09575923392612859
2 0.4589724344152149 0.03967168262653899 0.04116843654148596 0.07934336525307797
2 0.3326854736730891 0.11901504787961695 0.03337981341201566 0.07934336525307797
2 0.3744102404381087 0.1908344733242134 0.03226715296494838 0.0834473324213406
2 0.4161350072031281 0.19015047879616964 0.031154492517881282 0.08755129958960328
2 0.41836032809726253 0.29001367989056087 0.03115449251788121 0.07934336525307796
2 0.3738539102145751 0.28796169630642954 0.033379813412015624 0.08071135430916548
2 0.36995959864983985 0.38440492476060184 0.03449247385908286 0.08755129958960332
2 0.41557867697959466 0.3864569083447333 0.03449247385908286 0.08891928864569082
2 0.13129393275392814 0.37756497948016415 0.03783045520028438 0.08207934336525312
5 0.7916579080883039 0.83515731874145 0.07677357084763585 0.07797537619699028
5 0.8990296412302876 0.8378932968536251 0.055633022353359395 0.07523939808481515
5 0.7961085498765728 0.7065663474692204 0.06119632458869518 0.07523939808481529
5 0.9023676225714891 0.7051983584131327 0.062308985035762564 0.06976744186046517
5 0.8077914845707782 0.32694938440492477 0.05340770145922505 0.06019151846785228
5 0.9090435852538923 0.07387140902872777 0.05118238056509057 0.08755129958960328
5 0.9023676225714891 0.1826265389876881 0.06675962682403125 0.08618331053351574
5 0.8000028614413079 0.19151846785225718 0.0645343059298969 0.07113543091655267
5 0.9073745945832915 0.32558139534883723 0.05229504101215781 0.06566347469220248
5 0.5557738933100602 0.08207934336525309 0.05452036190629215 0.060191518467852256
5 0.8044535032295766 0.4493844049247606 0.06675962682403125 0.06976744186046517
5 0.9029239527950227 0.4473324213406293 0.05452036190629215 0.06566347469220248
5 0.907930924806825 0.5827633378932968 0.055633022353359395 0.0738714090287278
5 0.8011155218883751 0.5834473324213407 0.05118238056509057 0.0697674418604651
5 0.4044520725089227 0.6853625170998632 0.05229504101215788 0.0711354309165526
5 0.022809539164877348 0.679890560875513 0.03894311564735157 0.057455540355677216
5 0.1735750297424813 0.6819425444596443 0.05340770145922498 0.058823529411764636
5 0.2553555726019196 0.6798905608755129 0.0589710036945609 0.05471956224350194
5 0.19249025734262346 0.8632010943912448 0.03337981341201566 0.04924760601915196
5 0.2675948375196586 0.8632010943912448 0.04116843654148592 0.04103967168262656
5 0.35048804082616414 0.8645690834473324 0.04450641788268754 0.05198358413132695
7 0.11126604470671878 0.8638850889192886 0.044506417882687506 0.05608755129958965
5 0.6008366414162813 0.8474692202462382 0.04673173877682182 0.05882352941176478
5 0.5513232515217915 0.8440492476060192 0.03671779475321721 0.05745554035567707
5 0.501253531403768 0.8385772913816689 0.03449247385908286 0.05745554035567707
