2 0.18535681186283598 0.52559794384235 0.018535681186283598 0.08616359735120498
2 0.2896200185356812 0.5309831686768004 0.017608897126969402 0.08400950741742484
2 0.3938832252085264 0.5363683935112507 0.01668211306765521 0.08616359735120489
2 0.4939759036144578 0.5406765733788109 0.01668211306765521 0.08185541748364472
2 0.8577386468952732 0.7550085217899332 0.03985171455050974 0.05385224834450298
4 0.5514365152919369 0.5482158881470413 0.022242817423540374 0.09693404702010554
4 0.44717330861909177 0.5406765733788109 0.017608897126969367 0.08616359735120498
4 0.3452270620945319 0.5385224834450308 0.017608897126969437 0.09477995708632542
4 0.24189063948100092 0.5320602136436904 0.01853568118628356 0.08616359735120489
2 0.29147358665430956 0.7754723761608443 0.036144578313253 0.05169815841072307
3 0.29101019462465244 0.8357868943066877 0.03521779425393884 0.05169815841072307
0 0.2905468025949954 0.8961014124525312 0.03614457831325304 0.05169815841072307
0 0.2905468025949954 0.7140808130481108 0.03614457831325304 0.04954406847694287
8 0.36960514233241504 0.7939631316254693 0.10192837465564733 0.3116091860680605
