2 0.5333397946534839 0.19425444596443228 0.08929585603026367 0.03556771545827633
2 0.5317162336347518 0.24076607387140903 0.08280161195533538 0.04377564979480166
2 0.5317162336347518 0.29001367989056087 0.08604873399279953 0.041039671682626594
2 0.5300926726160198 0.3365253077975376 0.08604873399279953 0.04377564979480162
2 0.5276573310879217 0.380984952120383 0.08442517297406753 0.036935704514363864
2 0.6534833100396569 0.25170998632010944 0.0892958560302636 0.041039671682626525
2 0.7996038017255428 0.4247606019151847 0.08604873399279966 0.04240766073871413
0 0.6534833100396569 0.3071135430916553 0.11527283232997661 0.06155950752393977
0 0.655918651567755 0.1969904240766074 0.11689639334870876 0.06292749658002737
0 0.7996038017255428 0.4705882352941177 0.08280161195533538 0.03830369357045143
0 0.8020391432536408 0.6169630642954856 0.08442517297406753 0.04103967168262642
0 0.39777244958935626 0.6450068399452803 0.12014351538617297 0.06429548563611476
0 0.3799132783833036 0.7010943912448702 0.08442517297406753 0.03146374829001374
0 0.2881820808249418 0.6046511627906976 0.09903722214265599 0.03830369357045143
0 0.16235610187320668 0.5198358413132695 0.08442517297406747 0.03556771545827644
2 0.16560322391067078 0.5622435020519836 0.09091941704899574 0.0383036935704515
2 0.2881820808249418 0.5225718194254445 0.08929585603026365 0.04103967168262656
0 0.15992076034510855 0.42407660738714087 0.09254297806772781 0.04103967168262649
0 0.26869934860015704 0.2380300957592339 0.09579010010519198 0.038303693570451464
0 0.366113009724081 0.40971272229822164 0.09903722214265599 0.04240766073871413
2 0.16885034594813494 0.8290013679890561 0.0876722950115316 0.04103967168262656
2 0.16966212645750098 0.8727770177838577 0.08604873399279954 0.038303693570451575
2 0.2743818121657193 0.9117647058823529 0.09741366112392398 0.04514363885088926
2 0.27113469012825514 0.9582763337893296 0.09091941704899575 0.036935704514363864
2 0.43430257251082777 0.9124487004103966 0.0860487339927996 0.043775649794801696
2 0.42780832843589955 0.9610123119015048 0.08929585603026367 0.045143638850889116
8 0.5244102090504575 0.5779753761969905 0.1104021492737806 0.07523939808481529
8 0.7947331186693467 0.5567715458276333 0.14449693066715397 0.07934336525307806
8 0.655918651567755 0.38235294117647056 0.11040214927378045 0.07523939808481529
2 0.53415157516285 0.6381668946648427 0.0876722950115316 0.036935704514363864
4 0.5325280141441179 0.5129958960328317 0.0876722950115316 0.04377564979480162
4 0.2865585198062097 0.5595075239398085 0.0925429780677278 0.03830369357045136
