2 0.16092719785104806 0.06908344733242132 0.09061919878991052 0.03967168262653898
2 0.4359095941790524 0.08139534883720928 0.10624319858127443 0.04514363885088918
2 0.5929307920822595 0.07797537619699041 0.11405519847695636 0.04377564979480164
0 0.8147915891196267 0.22298221614227082 0.0796823989359558 0.041039671682626525
0 0.160927197851048 0.02325581395348837 0.08436959887336498 0.03556771545827633
0 0.16483319779888903 0.16963064295485633 0.08280719889422858 0.051983584131326935
0 0.8140103891300586 0.5984952120383036 0.11561759845609274 0.04787961696306425
0 0.8140103891300586 0.9302325581395346 0.11561759845609274 0.05471956224350208
0 0.667144791091238 0.9302325581395349 0.07811999895681943 0.043775649794801696
0 0.1265543983100475 0.8399452804377563 0.12499199833091111 0.06566347469220248
2 0.25857719654707234 0.3974008207934336 0.09218159876904693 0.039671682626538994
2 0.47731319362616675 0.3919288645690834 0.08905679881077411 0.03693570451436393
2 0.4507523939808481 0.46853625170998625 0.08280719889422855 0.039671682626538994
2 0.4523147939599845 0.5129958960328317 0.08593199885250137 0.03830369357045136
2 0.6351155915189419 0.46374829001367984 0.08905679881077404 0.03556771545827637
2 0.6319907915606692 0.5068399452804377 0.0796823989359558 0.039671682626538994
2 0.8124479891509222 0.44596443228454163 0.0812447989150921 0.0383036935704515
0 0.8179163890778994 0.4015047879616962 0.0859319988525013 0.042407660738714055
2 0.815572789109195 0.4829001367989056 0.07811999895681936 0.04651162790697683
2 0.815572789109195 0.5499316005471955 0.08749439883163773 0.03830369357045143
2 0.3445091953995737 0.8255813953488371 0.08593199885250137 0.036935704514363864
2 0.45622079390782544 0.8235294117647058 0.07811999895681943 0.0355677154582763
2 0.5749631923221911 0.8214774281805746 0.07811999895681943 0.036935704514364
2 0.6929243907469883 0.8180574555403556 0.0796823989359558 0.0355677154582763
2 0.816353989098763 0.6908344733242133 0.07968239893595566 0.03283173734610131
2 0.8179163890778994 0.642954856361149 0.0796823989359558 0.03556771545827622
4 0.1538963979449343 0.35294117647058826 0.08593199885250138 0.03283173734610124
4 0.1515527979762297 0.3967168262653898 0.084369598873365 0.03830369357045143
4 0.12264839836220652 0.9049247606019151 0.11405519847695636 0.06155950752393977
4 0.5726195923534864 0.6436388508891929 0.08905679881077411 0.03693570451436393
4 0.5741819923326229 0.6853625170998632 0.08593199885250137 0.03830369357045143
4 0.6905807907782838 0.6819425444596442 0.084369598873365 0.036935704514363864
4 0.6905807907782838 0.6409028727770176 0.08749439883163773 0.036935704514363794
10 0.378100794951006 0.6778385772913816 0.1374911981640022 0.08071135430916555
4 0.5773067922908957 0.7264021887824896 0.08593199885250144 0.03283173734610131
4 0.687455990820011 0.7264021887824896 0.084369598873365 0.03283173734610131
