0 0.1450251228178854 0.09986320109439123 0.053882851956052295 0.11764705882352942
2 0.15305022842836125 0.3440492476060191 0.03324686610054289 0.09712722298221617
2 0.1541966720870007 0.454172366621067 0.028661091465985267 0.08481532147742826
2 0.15247700659904156 0.582079343365253 0.03210042244190351 0.08071135430916541
2 0.15305022842836125 0.7038303693570451 0.03324686610054289 0.07797537619699028
0 0.03840586256442024 0.6792065663474692 0.040125528052379365 0.08618331053351568
0 0.03783264073510054 0.8344733242134064 0.057322182931970514 0.11491108071135443
2 0.5927113715165752 0.25786593707250344 0.03439330975918232 0.09165526675786595
2 0.5181925337050134 0.46306429548563616 0.03439330975918232 0.08891928864569082
2 0.47348123101807643 0.4562243502051983 0.029807535124624637 0.08344733242134061
2 0.5921381496872553 0.48768809849521205 0.03324686610054286 0.08344733242134061
2 0.9131423741062902 0.4528043775649795 0.0470041900042159 0.10396716826265397
2 0.907983377642413 0.6135430916552668 0.048150633662855144 0.1053351573187414
8 0.7297113887239846 0.5362517099863201 0.23502095002107923 0.1833105335157319
8 0.7354436070171816 0.32626538987688103 0.23960672465563668 0.19835841313269498
4 0.592711371516575 0.15184678522571818 0.04585774634557652 0.09028727770177838
4 0.6420084488380696 0.1545827633378933 0.03897908439373993 0.10943912448700413
4 0.925180032522004 0.16210670314637482 0.04815063366285528 0.08344733242134066
4 0.9773432189900972 0.16757865937072502 0.04241841536965822 0.08618331053351573
0 0.8288787651962936 0.16073871409028728 0.03897908439373993 0.09165526675786596
2 0.4700419000421581 0.6484268125854993 0.029807535124624637 0.0738714090287278
2 0.518765755534333 0.6497948016415869 0.030953978783264093 0.07660738714090293
2 0.49125110772698727 0.8433652530779753 0.03324686610054286 0.07797537619699042
2 0.5348159667552849 0.8474692202462382 0.04012552805237931 0.08071135430916555
0 0.5766611602956233 0.8433652530779753 0.03439330975918232 0.08344733242134054
0 0.7629582548245274 0.8474692202462379 0.03783264073510054 0.08344733242134054
5 0.9257532543513237 0.813953488372093 0.04012552805237931 0.07387140902872787
5 0.9739038880141788 0.8262653898768809 0.04471130268693699 0.06019151846785221
4 0.254510492217949 0.5848153214774281 0.04356485902829757 0.09165526675786602
4 0.29406279844100874 0.5889192886456908 0.03783264073510058 0.09439124487004101
4 0.33762765746930623 0.5882352941176471 0.04471130268693706 0.09575923392612858
4 0.382912181985563 0.5868673050615595 0.04585774634557637 0.09302325581395345
4 0.33304188283474867 0.7065663474692202 0.04471130268693699 0.09165526675786595
4 0.293489576611689 0.7113543091655268 0.038979084393739996 0.09575923392612865
4 0.24763183026611257 0.7086183310533517 0.04127197171101876 0.09575923392612865
2 0.28030547453733573 0.8440492476060192 0.040125528052379345 0.08755129958960324
2 0.3296025518588304 0.8440492476060192 0.035539753417821666 0.08755129958960324
2 0.4264770410138605 0.8419972640218879 0.038979084393739996 0.08891928864569096
9 0.31068623149128016 0.380984952120383 0.07795816878747985 0.1573187414500684
4 0.3754602982044068 0.36798905608755134 0.04241841536965815 0.09575923392612858
4 0.08598327439795575 0.09986320109439123 0.05502929561469168 0.12859097127222982
