2 0.47439729177818746 0.08549931600547195 0.11759253752056942 0.04514363885088919
2 0.63387210293622 0.08071135430916553 0.11437082416384144 0.049247606019151846
2 0.18363766133349194 0.06976744186046512 0.08698626063165406 0.04103967168262654
0 0.18847023136858382 0.17305061559507526 0.0869862606316541 0.042407660738714076
2 0.28512163207042174 0.40424076607387144 0.08376454727492615 0.036935704514363864
2 0.5162795654156506 0.4015047879616963 0.0853754039532901 0.036935704514363864
2 0.677365233252047 0.4760601915184679 0.08537540395329003 0.03830369357045143
2 0.6797815182695931 0.521203830369357 0.08698626063165406 0.03283173734610124
2 0.49131128690100917 0.47811217510259924 0.08376454727492615 0.0341997264021888
2 0.49372757191855515 0.5218878248974008 0.09504054402347385 0.042407660738714055
2 0.04188227363746307 0.5683994528043776 0.08376454727492615 0.0341997264021888
2 0.04188227363746307 0.6121751025991792 0.08376454727492615 0.03419972640218887
0 0.04268770197664506 0.6600547195622436 0.08537540395329012 0.039671682626538994
0 0.135311960982573 0.8584131326949384 0.11920339419893339 0.07250341997264016
4 0.137728246000119 0.9220246238030098 0.12081425087729736 0.06019151846785221
10 0.40996302464362894 0.6915184678522571 0.14658795773112077 0.08344733242134054
4 0.40674131128690105 0.6196990424076607 0.08859711731001801 0.04377564979480155
4 0.1763888062808541 0.40492476060191523 0.08537540395329009 0.03830369357045143
4 0.17880509129840008 0.3625170998632011 0.0869862606316541 0.03830369357045143
4 0.7353560736731498 0.6607387140902873 0.08537540395329017 0.038303693570451575
4 0.7393832153690597 0.7024623803009575 0.08376454727492615 0.039671682626538994
4 0.6169581078133983 0.7051983584131327 0.08698626063165406 0.042407660738713986
4 0.6185689644917624 0.661422708618331 0.09342968734510997 0.031463748290013596
4 0.6129309661174883 0.6162790697674418 0.0853754039532901 0.04514363885088926
2 0.8763060330299968 0.6634746922024624 0.08376454727492628 0.04103967168262656
2 0.8763060330299968 0.7093023255813954 0.08698626063165406 0.039671682626538994
2 0.8722788913340866 0.5608755129958961 0.08537540395329003 0.03830369357045143
2 0.8714734629949047 0.5 0.08054283391819822 0.03967168262653906
2 0.8674463212989949 0.4562243502051983 0.08215369059656212 0.03693570451436393
0 0.8714734629949048 0.41313269493844046 0.08698626063165392 0.04377564979480162
0 0.8642246079422669 0.23050615595075238 0.09504054402347392 0.039671682626538994
0 0.7136095085152363 0.9534883720930232 0.09020797398838198 0.04651162790697669
0 0.8755006046908147 0.9548563611491108 0.11759253752056949 0.06019151846785221
2 0.3793567477547136 0.841313269493844 0.08537540395329017 0.03830369357045143
2 0.49775471361446505 0.8440492476060192 0.09020797398838205 0.0355677154582763
2 0.6177635361525804 0.8426812585499316 0.0789319772398342 0.038303693570451575
2 0.7377723586906957 0.8406292749658003 0.08376454727492615 0.036935704514363864
4 0.6161526794742165 0.7448700410396717 0.08859711731001801 0.03419972640218873
4 0.7409940720474236 0.7441860465116278 0.08376454727492615 0.0355677154582763
