7 0.560413942116336 0.5581395348837209 0.11773402145301176 0.09028727770177852
7 0.762327788908251 0.5492476060191518 0.12126604209660201 0.06703146374828997
7 0.5562932513654805 0.24418604651162795 0.0576896705119757 0.06429548563611494
5 0.5480518698637696 0.11764705882352942 0.0576896705119757 0.07113543091655268
5 0.902431274437335 0.16757865937072502 0.06710839222821662 0.09439124487004104
5 0.8053007067386004 0.28454172366621067 0.07534977372992756 0.09302325581395347
5 0.8971332434719494 0.28454172366621067 0.07770445415898777 0.09302325581395347
5 0.7929386344860342 0.1662106703146375 0.07652711394445774 0.09439124487004102
5 0.9348081303369132 0.5567715458276333 0.06122169115556602 0.0656634746922024
5 0.7882292736279137 0.8502051983584131 0.055334990082915425 0.06703146374829004
5 0.9342194602296482 0.9213406292749658 0.05768967051197592 0.07250341997264044
5 0.581606065977878 0.8543091655266758 0.06122169115556609 0.056087551299589505
