2 0.3367520250849229 0.14911080711354308 0.037354006143873804 0.0875512995896033
2 0.46805701637853986 0.05882352941176471 0.03509012698363911 0.07660738714090287
2 0.3842934874498532 0.21409028727770177 0.030562368663169436 0.08618331053351572
2 0.42843913107443127 0.21682626538987687 0.03056236866316951 0.08344733242134061
2 0.3837275176597945 0.3173734610123119 0.027166549922817324 0.07660738714090286
2 0.4307030102346661 0.3214774281805745 0.030562368663169436 0.0738714090287278
2 0.38316154786973583 0.4110807113543092 0.0396178853041085 0.08344733242134061
2 0.4295710706545487 0.41655266757865944 0.03509012698363904 0.08344733242134061
2 0.1414924475146735 0.41039671682626533 0.04074982488422595 0.08481532147742818
7 0.8178263466348128 0.10465116279069768 0.05320116026551716 0.07250341997264023
5 0.9202668786354363 0.10054719562243503 0.05886085816610418 0.06976744186046513
5 0.8189582862149303 0.22093023255813954 0.050937281105282325 0.08618331053351572
5 0.919134939055319 0.22571819425444598 0.05206922068539996 0.0683994528043776
5 0.822920074745341 0.35499316005471954 0.058860858166104035 0.0697674418604651
5 0.9213988182155538 0.35499316005471954 0.04980534152516498 0.09712722298221614
5 0.813864558104402 0.48290013679890564 0.05433309984563465 0.07113543091655267
5 0.9213988182155538 0.4753761969904241 0.056596979005869484 0.08071135430916555
5 0.8183923164248715 0.6012311901504788 0.04980534152516498 0.0697674418604651
5 0.9157391203149668 0.60328317373461 0.05886085816610418 0.06839945280437754
5 0.809902769573991 0.7305061559507524 0.05546503942575185 0.06019151846785235
5 0.917437029685143 0.7318741450068399 0.06452055606669106 0.07113543091655274
5 0.8087708299938737 0.853625170998632 0.062256676906456365 0.06566347469220248
5 0.9163050901050255 0.8604651162790699 0.05999279774622153 0.07660738714090286
5 0.61973692011427 0.8679890560875512 0.041881764464343406 0.05608755129958965
5 0.5721954577493396 0.8720930232558141 0.04640952278481294 0.053351573187414514
5 0.512202660003118 0.8618331053351572 0.03509012698363897 0.05471956224350208
5 0.4222134633837857 0.7065663474692201 0.049805341525165046 0.05882352941176478
5 0.2637419221673514 0.707250341997264 0.04527758320469552 0.06292749658002733
5 0.1873360005094277 0.7065663474692202 0.04867340194504766 0.053351573187414375
5 0.03169430824328687 0.7038303693570451 0.05433309984563462 0.06429548563611491
2 0.07244413312751283 0.8563611491108071 0.027166549922817317 0.08755129958960324
2 0.42843913107443127 0.8590971272229823 0.03509012698363897 0.07934336525307799
5 0.2880786231398752 0.8905608755129958 0.03961788530410857 0.043775649794801696
5 0.36844633332820975 0.8885088919288645 0.030562368663169436 0.039671682626538994
5 0.20940882232171673 0.8850889192886457 0.03848594572399119 0.04924760601915182
7 0.12734320276320615 0.8905608755129958 0.04414564362457814 0.05471956224350208
5 0.5620080015282831 0.11627906976744186 0.0486734019450477 0.05745554035567716
