2 0.5895589638738614 0.292749658002736 0.03050349679275996 0.07387140902872773
2 0.587455274439878 0.3666210670314638 0.03260718622674339 0.06839945280437754
0 0.6631880940632822 0.28454172366621067 0.07257728547242898 0.05198358413132698
0 0.6663436282142573 0.42954856361149113 0.03891825452869369 0.021887824897400775
0 0.583773817930407 0.4350205198358414 0.07573281962340417 0.05471956224350201
2 0.48332264745769726 0.4418604651162791 0.03050349679275996 0.06566347469220248
2 0.4391451693440449 0.4363885088919289 0.02839980735877653 0.06566347469220248
0 0.4328341010420945 0.5 0.07468097490641241 0.05882352941176478
2 0.4275748774571359 0.5554035567715458 0.03891825452869384 0.02735978112175097
2 0.5012040076465566 0.5560875512995896 0.03891825452869369 0.028727770177838608
0 0.5653665353830517 0.6285909712722298 0.022088739056826158 0.042407660738714055
0 0.4375674022685573 0.6880984952120383 0.018933204905851042 0.043775649794801696
0 0.45807837424989584 0.8269493844049248 0.03260718622674339 0.031463748290013596
0 0.5017299300050524 0.8276333789329685 0.02945165207576828 0.021887824897400775
2 0.4565006071744083 0.8686730506155951 0.037866409811702084 0.030095759233926173
2 0.5311815820808207 0.8734610123119014 0.048384856981619324 0.039671682626538994
2 0.57956643906244 0.893296853625171 0.031555341509751714 0.0683994528043776
0 0.7615355751020084 0.8803009575923392 0.037866409811702084 0.09165526675786609
4 0.17250253358664275 0.5560875512995895 0.023140583773817943 0.05608755129958965
4 0.14357680386937036 0.5581395348837209 0.017881360188859326 0.05198358413132695
4 0.11517699651059381 0.5588235294117646 0.024192428490809645 0.04787961696306432
4 0.09098456801978415 0.5595075239398085 0.01788136018885931 0.04651162790697676
2 0.21142078811533657 0.5574555403556771 0.018933204905851042 0.042407660738714055
2 0.25033904264403034 0.6600547195622436 0.05048854641560279 0.039671682626538994
2 0.12411767660502346 0.8679890560875512 0.04207378867966897 0.025991792065663474
2 0.17408030066213037 0.8700410396716827 0.041021943962677235 0.02462380300957591
0 0.22088739056826207 0.8686730506155951 0.03576272037771862 0.02735978112175104
0 0.24928719792703863 0.6142270861833106 0.039970099245685516 0.0355677154582763
0 0.24928719792703866 0.5766073871409029 0.03365903094373518 0.036935704514363864
0 0.24928719792703866 0.539671682626539 0.02734796264178481 0.025991792065663547
10 0.6605584822708029 0.36798905608755134 0.07573281962340424 0.0738714090287278
10 0.5043595417975317 0.7284541723666211 0.08730311151031309 0.17099863201094379
