3 0.8466485466041942 0.7335526315789473 0.04412500568621212 0.05482456140350877
2 0.488132875403721 0.5263157894736843 0.018385419035921658 0.08771929824561404
2 0.3870130707061517 0.5285087719298245 0.02390104474669819 0.0964912280701754
2 0.28635290148448045 0.5263157894736843 0.022981773794902124 0.0964912280701754
2 0.1852330967869111 0.5339912280701754 0.021143231891309924 0.0855263157894737
2 0.2904896207675628 0.7763157894736843 0.038609379975435586 0.057017543859649036
2 0.29232816267115497 0.8355263157894737 0.03493229616825122 0.04385964912280699
0 0.2891107143398687 0.7083333333333333 0.04136719283082382 0.052631578947368494
4 0.2394700829428801 0.525219298245614 0.02114323189130996 0.09429824561403499
4 0.3405898876404494 0.5252192982456141 0.024820315698494327 0.08991228070175439
4 0.44216932781391677 0.5241228070175439 0.02390104474669819 0.09210526315789473
4 0.5442084034632821 0.5230263157894737 0.02206250284310606 0.08991228070175439
1 0.2914088917193589 0.9035087719298245 0.04044792187902775 0.052631578947368494
8 0.36541020333894375 0.7763157894736843 0.0965234499385889 0.31578947368421045
