1 0.29362385463701995 0.9035874439461884 0.037679430485501764 0.05381165919282509
0 0.2945428651366664 0.7051569506726457 0.037679430485501764 0.056053811659192834
2 0.8528417436718453 0.7320627802690584 0.044112503983026415 0.042600896860986524
2 0.49258962781046234 0.5168161434977578 0.025732293990098826 0.1008968609865471
2 0.39057946234971364 0.5123318385650224 0.022056251991513277 0.09192825112107621
2 0.28948830738861125 0.5168161434977578 0.025732293990098788 0.09641255605381162
2 0.1879376471776857 0.5201793721973094 0.019299220492574064 0.09417040358744394
4 0.2439972876561152 0.5179372197309418 0.01746119949328133 0.09865470852017935
4 0.34325042161792474 0.5190582959641256 0.022975262491159613 0.09641255605381162
4 0.4457200923284967 0.5156950672645739 0.0202182309922204 0.09865470852017935
4 0.546811247289599 0.5134529147982063 0.022056251991513134 0.09865470852017928
2 0.2954618756363127 0.8340807174887892 0.037679430485501764 0.049327354260089745
2 0.29362385463701995 0.7690582959641256 0.041355472484087274 0.06278026905829591
8 0.3689827156080236 0.7713004484304933 0.09465808146357765 0.3318385650224216
