0 0.17209746798559905 0.019835841313269494 0.09741366112392398 0.03146374829001368
2 0.1680385654387689 0.06703146374829001 0.08604873399279953 0.03283173734610124
2 0.45865598779180883 0.0786593707250342 0.10877858825504852 0.0451436388508892
2 0.6202003091556495 0.07797537619699042 0.11689639334870869 0.04103967168262654
0 0.8499341933062368 0.22024623803009574 0.09579010010519184 0.04103967168262656
0 0.8572402178905313 0.4056087551299589 0.08767229501153154 0.0341997264021888
2 0.852369534834335 0.4514363885088919 0.09091941704899568 0.03830369357045143
2 0.8580519983998972 0.4917920656634747 0.09579010010519198 0.0341997264021888
2 0.5049274768256727 0.3960328317373461 0.0941665390864599 0.036935704514363864
2 0.269511129109523 0.39740082079343364 0.08442517297406749 0.03146374829001374
2 0.47407981746976346 0.4692202462380301 0.08767229501153168 0.04103967168262656
2 0.4748915979791295 0.5150478796169631 0.10228434418012021 0.0341997264021888
2 0.6664717981895134 0.4692202462380301 0.08929585603026353 0.04103967168262656
2 0.6607893346239512 0.512311901504788 0.08767229501153145 0.04240766073871413
2 0.8588637789092632 0.5533515731874145 0.08442517297406753 0.036935704514363864
0 0.8531813153437011 0.6060191518467852 0.11527283232997675 0.04651162790697683
2 0.8556166568717991 0.6559507523939808 0.09091941704899568 0.03693570451436393
2 0.8629226814560934 0.7017783857729136 0.08280161195533538 0.03830369357045143
0 0.8629226814560934 0.9500683994528043 0.12176707640490492 0.053351573187414375
0 0.6981312380547887 0.945280437756498 0.08767229501153138 0.03830369357045143
0 0.1201435153861729 0.8419972640218879 0.12339063742363704 0.06429548563611476
1 0.12257885691427102 0.9062927496580028 0.12826132047983327 0.06155950752393991
2 0.36367766819598296 0.8337893296853625 0.09416653908645983 0.03419972640218887
2 0.4797622810353257 0.8344733242134064 0.08280161195533538 0.0355677154582763
2 0.607211821005793 0.8310533515731874 0.09416653908645997 0.036935704514363864
2 0.7249199948638676 0.8296853625170999 0.08604873399279953 0.036935704514363864
10 0.3945253275518922 0.6833105335157319 0.14936761372335008 0.07797537619699042
4 0.7200493118076716 0.6511627906976745 0.09903722214265613 0.03830369357045136
10 0.16073254085447458 0.35430916552667585 0.0876722950115316 0.03556771545827637
10 0.1631678823825727 0.39740082079343364 0.09579010010519193 0.03693570451436393
0 0.170473906966867 0.16552667578659372 0.09741366112392401 0.03283173734610122
4 0.5974704548934006 0.6525307797537618 0.0876722950115316 0.03830369357045143
4 0.6023411379495968 0.694938440492476 0.09416653908645983 0.03283173734610116
4 0.7176139702795734 0.6963064295485637 0.09091941704899568 0.0355677154582763
4 0.7265435558825998 0.7366621067031464 0.09579010010519198 0.036935704514363864
4 0.6015293574402307 0.738030095759234 0.0892958560302636 0.039671682626538855
4 0.5982822354027665 0.6094391244870041 0.09579010010519191 0.03419972640218873
4 0.3896546444956959 0.6108071135430916 0.09091941704899575 0.0424076607387142
