2 0.8540315106580166 0.7470164682398233 0.04170528266913806 0.03798388821558433
2 0.18396663577386468 0.5106722748984103 0.017608897126969437 0.08440864047907609
4 0.24050046339202966 0.5127824909103872 0.021316033364226144 0.09284950452698382
4 0.34151992585727525 0.5117273829043987 0.01575532900834105 0.08651885649105302
4 0.4425393883225209 0.5170029229343409 0.017608897126969437 0.07596777643116852
4 0.5472659870250232 0.526498894988237 0.017608897126969437 0.08651885649105302
2 0.4911955514365152 0.517002922934341 0.018535681186283525 0.08018820845512231
2 0.38924930491195553 0.5138375989163757 0.0222428174235403 0.08229842446709917
2 0.28822984244670996 0.5138375989163756 0.02409638554216869 0.07807799244314538
2 0.2905468025949954 0.8134882726170958 0.03614457831325304 0.04853496827546877
2 0.2891566265060241 0.751236900263777 0.03336422613531049 0.042204320239538046
0 0.28822984244670996 0.6900406359164469 0.040778498609823896 0.05064518428744563
0 0.2896200185356812 0.8767947529764026 0.043558850787766445 0.05697583232337635
8 0.3629283048739115 0.7604602510460251 0.09371819518263035 0.3200836820083681
