7 0.5843573041907203 0.521203830369357 0.11174960398866368 0.07934336525307792
7 0.7851573738578503 0.5246238030095759 0.12455424611236467 0.07523939808481536
7 0.5837752750032794 0.20177838577291382 0.05471074361944986 0.05882352941176471
5 0.5802830998786337 0.08002735978112176 0.05471074361944993 0.09439124487004104
5 0.8363759423526546 0.12790697674418605 0.09661684511519866 0.08891928864569083
5 0.923098291281357 0.13953488372093023 0.07682785274220634 0.10670314637482901
5 0.8311376796656859 0.25170998632010944 0.07217161924267856 0.10396716826265394
5 0.9289185831557666 0.25444596443228457 0.07449973599244246 0.09302325581395347
5 0.8002901327313151 0.8358413132694937 0.07100756086779668 0.06292749658002733
5 0.950453663091082 0.9124487004103967 0.08032002786685197 0.08207934336525312
5 0.9521997506534049 0.5451436388508892 0.05354668524456798 0.05882352941176471
5 0.6024002090013899 0.8235294117647058 0.0616950938687414 0.06292749658002733
5 0.5593300491307592 0.9575923392612858 0.06402321061850522 0.06019151846785221
