2 0.19974072668151635 0.5629274965800274 0.08182150249604282 0.03419972640218887
2 0.5454766833069523 0.1990424076607387 0.08021715930984598 0.03967168262653896
2 0.5470810264931493 0.24418604651162787 0.08663453205463355 0.03967168262653896
2 0.5502897128655431 0.292749658002736 0.08984321842702749 0.03830369357045143
2 0.5494875412724446 0.33720930232558144 0.08823887524083056 0.031463748290013666
2 0.5510918844586415 0.38303693570451436 0.08823887524083047 0.030095759233926173
2 0.6690111086441151 0.25239398084815323 0.08021715930984591 0.03419972640218877
2 0.8077867942501485 0.4220246238030096 0.07861281612364905 0.036935704514363864
2 0.560717943575823 0.6333789329685362 0.09786493435801205 0.03556771545827637
2 0.4676660387764018 0.9042407660738715 0.08823887524083047 0.04103967168262656
2 0.4676660387764018 0.9466484268125857 0.08503018886843669 0.04103967168262656
2 0.31124257812220224 0.9500683994528043 0.08984321842702742 0.036935704514364
2 0.3208686372393837 0.9076607387140903 0.08663453205463366 0.036935704514364
2 0.21016895739179633 0.8221614227086184 0.08021715930984591 0.03830369357045143
2 0.20936678579869789 0.8686730506155951 0.08182150249604284 0.038303693570451575
0 0.4115140272595096 0.6915184678522572 0.08503018886843669 0.045143638850889116
0 0.424348772749085 0.640218878248974 0.12032573896476884 0.057455540355677286
0 0.3192642940531868 0.6060191518467852 0.09305190479942127 0.04103967168262649
0 0.19974072668151638 0.5259917920656635 0.0882388752408305 0.036935704514363864
0 0.19572986871602407 0.43091655266757867 0.08342584568223975 0.04103967168262656
0 0.2879796019223469 0.24897400820793436 0.09786493435801205 0.03556771545827633
0 0.38985539424585125 0.4124487004103968 0.08663453205463362 0.039671682626538925
0 0.6641980790855243 0.3084815321477428 0.11230402303378441 0.07250341997264023
0 0.6650002506786228 0.19767441860465118 0.11390836621998134 0.05335157318741448
0 0.8150063385880347 0.4658002735978113 0.08663453205463355 0.03693570451436393
8 0.8125998238087394 0.5437756497948016 0.1395778571991319 0.08344733242134068
8 0.5454766833069523 0.5711354309165526 0.10588665028899655 0.0725034199726403
8 0.6730219666096074 0.38030095759233923 0.1106996798475874 0.07387140902872773
2 0.3208686372393837 0.5218878248974008 0.09305190479942123 0.03693570451436393
4 0.3176599508669899 0.5629274965800274 0.08342584568223976 0.03419972640218887
4 0.5567070856103308 0.5109439124487004 0.07700847293745205 0.03419972640218873
