0 0.6261536120946326 0.5848153214774282 0.03327809406936517 0.03693570451436393
0 0.7040944113623562 0.5807113543091655 0.09808280357286549 0.04787961696306425
2 0.6909583215981331 0.63406292749658 0.047289923151202944 0.028727770177838608
0 0.623526394141788 0.6347469220246238 0.04553844451597328 0.019151846785225645
2 0.5447098555564496 0.6511627906976745 0.052544359056892274 0.027359781121751112
2 0.30213006457713043 0.7414500683994528 0.050792880421662544 0.02462380300957591
2 0.1707691669348998 0.5458276333789329 0.02276922225798664 0.03830369357045143
2 0.07093488472680452 0.551983584131327 0.03327809406936508 0.039671682626538925
2 0.2942484107185966 0.8823529411764706 0.035029572704594863 0.02462380300957591
2 0.29512415003621145 0.9124487004103967 0.04728992315120301 0.019151846785225645
4 0.29512415003621145 0.8508891928864568 0.06830766677395995 0.03283173734610131
4 0.1348638549126901 0.4555403556771546 0.05254435905689224 0.02462380300957591
4 0.1672662096644403 0.2715458276333789 0.029775136798905616 0.039671682626538994
4 0.128733679689386 0.2715458276333789 0.02276922225798666 0.039671682626538994
4 0.08669819244387222 0.2701778385772914 0.019266264987527152 0.039671682626538994
4 0.04466270519835841 0.2722298221614227 0.022769222257986638 0.04103967168262656
4 0.11034315401947371 0.23529411764705885 0.0455384445159733 0.02462380300957591
4 0.37656790657439443 0.16279069767441862 0.05955027359781127 0.0875512995896033
4 0.45888740243019227 0.15389876880984954 0.028023658163675833 0.042407660738714076
4 0.5158104580751589 0.19151846785225718 0.029775136798905633 0.04377564979480162
4 0.5937512573428825 0.19357045143638849 0.04203548724551389 0.03146374829001371
