2 0.8549127640036731 0.7301465489777178 0.04407713498622599 0.049611139221528905
2 0.49035812672176304 0.5198384587994977 0.02020202020202028 0.09490826633683767
4 0.5472910927456381 0.5209169618260527 0.020202020202020207 0.09706527238994767
4 0.4471992653810835 0.5273879799853826 0.02203856749311292 0.09706527238994767
4 0.34389348025711663 0.5263094769588276 0.019283746556473885 0.09059425423061797
4 0.24104683195592286 0.5295449860384926 0.0211202938475666 0.08412323607128805
2 0.2878787878787879 0.5263094769588276 0.017447199265381064 0.08628024212439797
2 0.18595041322314046 0.5317019920916024 0.017447199265381064 0.08412323607128805
2 0.38980716253443526 0.5252309739322726 0.022956841138659315 0.09706527238994773
2 0.29338842975206614 0.7689726579336968 0.03764921946740131 0.05392515132774875
2 0.29292929292929293 0.8326043365004403 0.03489439853076217 0.047454133168418906
0 0.29155188246097336 0.894079009014074 0.03948576675849402 0.05392515132774875
0 0.2924701561065197 0.7074979854200635 0.04315886134067952 0.051768145274638896
8 0.3696051423324151 0.7786791851726917 0.10009182736455464 0.3062948595416127
