2 0.05794623208231726 0.5205198358413132 0.0837001130077916 0.04514363885088919
2 0.14647519776363527 0.6477428180574555 0.0837001130077916 0.04787961696306425
2 0.21246951763516325 0.5601915184678522 0.08370011300779154 0.036935704514363794
2 0.21166470885624222 0.60328317373461 0.08209049544994944 0.03283173734610124
3 0.3050225272110867 0.60328317373461 0.07565202521858087 0.03283173734610124
2 0.396770728008089 0.6019151846785226 0.07887126033426518 0.0355677154582763
2 0.39355149289240465 0.5595075239398085 0.07887126033426511 0.03283173734610124
2 0.3026081008743235 0.5601915184678522 0.07404240766073869 0.031463748290013666
2 0.8249289983940997 0.5595075239398085 0.0820904954499494 0.03283173734610124
2 0.8329770861833106 0.9028727770177838 0.08852896568131811 0.03830369357045143
2 0.47483717956343297 0.9794801641586867 0.10301552370189732 0.03830369357045143
2 0.33319083447332415 0.9794801641586867 0.10301552370189736 0.0355677154582763
2 0.39757553678701 0.8406292749658002 0.09013858323916019 0.03419972640218887
