2 0.21111264352391992 0.5677154582763339 0.08769294423301294 0.04103967168262656
2 0.057649991116147374 0.5300957592339262 0.08282111399784553 0.031463748290013596
2 0.30205347458037773 0.5697674418604651 0.08119717058612302 0.03419972640218866
2 0.394618249048558 0.5697674418604651 0.08119717058612302 0.03146374829001374
2 0.8257752248608715 0.5738714090287277 0.08282111399784554 0.039671682626538994
2 0.8233393097432878 0.9199726402188783 0.0811971705861231 0.036935704514363864
2 0.3905583905192519 0.8522571819425444 0.08282111399784554 0.03556771545827644
2 0.4628238723409014 0.9808481532147744 0.10393237835023747 0.03830369357045143
2 0.32641262575621466 0.9842681258549932 0.11042815199712734 0.031463748290013596
2 0.14615490705502152 0.6566347469220246 0.0876929442330129 0.0383036935704515
2 0.21192461522978118 0.6149110807113543 0.07957322717440064 0.036935704514363794
2 0.30286544628623896 0.6142270861833106 0.07957322717440057 0.0355677154582763
2 0.3986781075778642 0.6155950752393982 0.08606900082129045 0.03830369357045136
