2 0.18211306765523635 0.5179312567997744 0.019462465245597756 0.0800056412942741
2 0.2822057460611678 0.5168785509932706 0.025023169601482813 0.07790022968126685
2 0.38368860055607046 0.5221420800257888 0.020389249304911986 0.0800056412942741
2 0.4851714550509731 0.5242474916387959 0.017608897126969367 0.0926381109723173
4 0.5403151065801669 0.5295110206713141 0.020389249304911913 0.0905326993593102
4 0.4392956441149212 0.5274056090583068 0.018535681186283598 0.09895434581133898
4 0.3373493975903614 0.5221420800257888 0.018535681186283598 0.08842728774630287
4 0.2377201112140871 0.5189839626062779 0.017608897126969402 0.08632187613329577
2 0.8433734939759036 0.7463684168110569 0.037071362372567196 0.052635290325180224
2 0.2854494902687674 0.7537373574565822 0.03336422613531049 0.04210823226014426
2 0.2854494902687674 0.8137415884272877 0.037071362372567196 0.05263529032518036
0 0.28405931417979613 0.8758512310110005 0.037998146431881354 0.05052987871217311
0 0.28405931417979613 0.6947858322923801 0.037998146431881354 0.05895152516420197
8 0.3602401334518684 0.7620041753653445 0.09006003336296711 0.3173277661795406
