0 0.5592008720808351 0.30369357045143636 0.049264181795312535 0.106703146374829
2 0.6116095761184017 0.3180574555403557 0.022011655695777888 0.053351573187414514
0 0.6105614020376504 0.374829001367989 0.017818959372772624 0.04924760601915182
0 0.5602490461615864 0.38372093023255816 0.03039704834178863 0.028727770177838608
2 0.626808100289296 0.4507523939808482 0.016770785292021344 0.0341997264021888
2 0.7200955934761645 0.7038303693570452 0.014674437130518641 0.04787961696306425
2 0.8626472684583456 0.7010943912448699 0.018867133453523907 0.039671682626538994
2 0.8940924908808854 0.7004103967168263 0.014674437130518641 0.04103967168262642
2 0.9837113747851243 0.5909712722298222 0.017818959372772555 0.05198358413132695
2 0.9800427655024947 0.48290013679890564 0.02096348161502661 0.04924760601915182
2 0.9805668525428703 0.37961696306429543 0.02201165569577782 0.042407660738714055
4 0.5581526980000838 0.7694938440492476 0.024108003857280593 0.04787961696306425
2 0.5345687811831789 0.8426812585499316 0.03563791874554532 0.02735978112175104
2 0.5356169552639302 0.9439124487004105 0.03983061506855051 0.027359781121751182
4 0.4444258102385643 0.880984952120383 0.02305982977652924 0.05471956224350208
4 0.25889899794557875 0.8625170998632011 0.037734266907047884 0.031463748290013596
4 0.26413986834933545 0.9008207934336525 0.03983061506855059 0.03419972640218873
4 0.25680264978407613 0.9370725034199726 0.03983061506855062 0.030095759233926173
4 0.26466395538971105 0.9822161422708617 0.0408787891493019 0.0273597811217509
4 0.2222129051192822 0.914500683994528 0.02096348161502661 0.04787961696306439
4 0.17294872332396963 0.43502051983584133 0.029348874261037283 0.04651162790697683
4 0.17032828812209133 0.5075239398084815 0.03878244098779927 0.0355677154582763
4 0.13416628233617037 0.560875512995896 0.03773426690704792 0.030095759233926173
4 0.14255167498218102 0.6484268125854993 0.0838539264601065 0.06019151846785228
