2 0.449319970657626 0.45827633378932964 0.036747358195047465 0.08755129958960324
2 0.4927486667063185 0.46306429548563616 0.03674735819504754 0.08891928864569082
2 0.5706976083321769 0.2503419972640219 0.03452024557716584 0.09302325581395345
2 0.8847204874534915 0.4514363885088919 0.04120158343081087 0.11217510259917923
2 0.8791527059087875 0.619015047879617 0.04565580866657413 0.12995896032831752
2 0.5077816768770198 0.8556771545827633 0.03340668926822509 0.08618331053351583
2 0.46658009344620893 0.8536251709986321 0.03563380188610665 0.07660738714090286
2 0.406448052763404 0.8556771545827634 0.03340668926822488 0.08071135430916541
2 0.30901187573108113 0.8529411764705881 0.03897447081292917 0.08071135430916555
2 0.25890184182874365 0.8577291381668947 0.04120158343081087 0.07934336525307799
2 0.13808098230866328 0.7065663474692202 0.028952464032461673 0.08344733242134054
2 0.13752420415419286 0.585499316005472 0.030066020341402506 0.08755129958960332
2 0.1386377604631337 0.45827633378932975 0.032293132959284175 0.08481532147742818
2 0.14086487308101536 0.34199726402188785 0.03452024557716584 0.08481532147742818
8 0.29230853109696864 0.37482900136798913 0.07015404746327249 0.15321477428180574
0 0.1352970915363112 0.09712722298221614 0.059018484373864165 0.12311901504787962
4 0.07683538531691746 0.09507523939808482 0.055677815447041624 0.11901504787961698
4 0.5723679427955881 0.14021887824897403 0.03563380188610665 0.08344733242134064
4 0.6135695262263989 0.13679890560875513 0.040088027121869985 0.0902872777017784
0 0.8039876550552814 0.14979480164158687 0.040088027121869915 0.08891928864569083
4 0.9030941665510153 0.14705882352941177 0.03786091450398842 0.08618331053351574
4 0.9504203096810008 0.15047879616963067 0.038974470812929096 0.0902872777017784
8 0.7054379217140176 0.5444596443228454 0.23718749380439733 0.19972640218878246
8 0.70877859064084 0.3358413132694939 0.232733268568634 0.1874145006839945
0 0.7360607202098904 0.8611491108071135 0.042315139739751685 0.08891928864569082
0 0.553437485543594 0.8563611491108071 0.03563380188610665 0.08207934336525298
2 0.4933054448607889 0.6600547195622436 0.037860914503988354 0.08891928864569089
2 0.4470928580397444 0.6538987688098495 0.03674735819504754 0.07934336525307799
0 0.03173635480481373 0.6839945280437757 0.04788292128445581 0.08755129958960324
0 0.02783890772352082 0.8406292749658003 0.04899647759339664 0.12175102599179212
4 0.35912190963341856 0.3755129958960328 0.0412015834308108 0.09165526675786595
4 0.3580083533244778 0.582079343365253 0.03897447081292917 0.08618331053351583
4 0.31290932281237405 0.5875512995896033 0.03117957665034332 0.08071135430916548
4 0.2739348519994449 0.5882352941176471 0.03563380188610665 0.08207934336525312
4 0.23217649041416366 0.5848153214774282 0.043428696048692504 0.08618331053351568
4 0.23050615595075238 0.7065663474692204 0.03117957665034332 0.09712722298221607
4 0.2711509612270928 0.7072503419972641 0.032293132959284175 0.08481532147742826
4 0.31346610096684446 0.7045143638850888 0.03897447081292917 0.09849521203830378
5 0.21213247685322867 0.16210670314637482 0.036747358195047465 0.05608755129958963
5 0.2672535141457999 0.16415868673050618 0.042315139739751685 0.04651162790697676
5 0.26224251075556615 0.09712722298221614 0.032293132959284175 0.04377564979480165
5 0.26502640152791823 0.03898768809849521 0.037860914503988354 0.04240766073871409
5 0.21213247685322867 0.036935704514363885 0.036747358195047465 0.04377564979480164
5 0.21157569869875822 0.09917920656634747 0.04008802712186995 0.04514363885088919
5 0.945409306290767 0.8392612859097127 0.037860914503988284 0.04514363885088926
5 0.8947424942339591 0.8310533515731874 0.03452024557716584 0.05608755129958965
