0 0.2878787878787879 0.699603792489168 0.03764921946740131 0.0594938658179764
0 0.29017447199265384 0.8946114637814243 0.033057851239669415 0.057290389306199646
2 0.2901744719926538 0.8318123831957824 0.03673094582185492 0.055086912794422745
2 0.2924701561065197 0.7734202556336944 0.03764921946740124 0.04406953023553811
2 0.18457300275482091 0.5167152420116847 0.01836547291092746 0.09034253698285326
2 0.2869605142332415 0.5167152420116847 0.021120293847566564 0.07271472488863794
2 0.38521579430670344 0.5123082889881309 0.0211202938475666 0.0859355839592994
2 0.4862258953168044 0.5167152420116847 0.015610651974288316 0.09034253698285326
2 0.8489439853076216 0.7271472488863793 0.041322314049586736 0.035255624188430514
4 0.43985307621671255 0.5156135037557963 0.016528925619834708 0.08813906047107636
4 0.5404040404040404 0.5134100272440194 0.022956841138659242 0.09695296651818396
4 0.3415977961432507 0.5178169802675733 0.018365472910927425 0.0881390604710763
4 0.23829201101928377 0.52002045677935 0.015610651974288353 0.09695296651818396
8 0.36409550045913686 0.7557924435394792 0.09641873278236915 0.3349284297900899
