2 0.18751339300819178 0.5357917570498916 0.023898765775553842 0.09544468546637738
2 0.28816396425523594 0.5314533622559653 0.021141215878374597 0.09544468546637745
2 0.38973371880133983 0.5303687635574837 0.0202220325793148 0.0932754880694143
2 0.4894651067493242 0.527114967462039 0.017464482682135553 0.07809110629067248
8 0.3667541363248457 0.7787418655097614 0.09559506310221547 0.32537960954446854
2 0.2936790640495945 0.8362255965292842 0.034009782065211276 0.06724511930585692
2 0.29092151415241524 0.7700650759219089 0.034009782065211276 0.052060737527114896
0 0.29138110580194515 0.7147505422993493 0.04044406515862956 0.05856832971800429
0 0.29046192250288533 0.89587852494577 0.03860569856051004 0.06507592190889369
2 0.8516233265788711 0.7396963123644252 0.04136324845768939 0.052060737527115035
4 0.2389876577555386 0.5303687635574837 0.023898765775553842 0.10195227765726678
4 0.34101700395117235 0.5260303687635575 0.014706932784956307 0.08459869848156182
4 0.44534430839445555 0.5260303687635575 0.021141215878374597 0.09327548806941437
4 0.5464544712910295 0.5227765726681128 0.026656315672733088 0.09978308026030376
