10 0.7780410672481359 0.20998632010943916 0.08001504886449026 0.08071135430916553
0 0.8048882218013531 0.11901504787961695 0.07475090091287924 0.054719562243502065
0 0.7843580447900693 0.2715458276333789 0.03158488770966727 0.028727770177838535
0 0.704342995925579 0.3734610123119015 0.0357962060709562 0.10123119015047884
2 0.7027637515400957 0.27564979480164165 0.026320739758056107 0.07250341997264019
2 0.7001316775642902 0.19357045143638849 0.029479228529022804 0.06976744186046513
2 0.4127091994063184 0.10807113543091655 0.03790186525160067 0.03556771545827633
0 0.4163941029724462 0.06497948016415869 0.038954694841922904 0.025991792065663474
2 0.4116563698159962 0.019835841313269494 0.04000752443224521 0.03146374829001368
2 0.4148148585869629 0.15253077975376197 0.035796206070956134 0.03419972640218878
2 0.415341273382124 0.19630642954856362 0.03684903566127844 0.028727770177838573
2 0.41376202899664066 0.2332421340629275 0.0315848877096672 0.028727770177838608
0 0.19214140023380896 0.46853625170998625 0.0178981030354781 0.04787961696306432
0 0.22846402109992625 0.4856361149110807 0.03790186525160067 0.09849521203830364
0 0.19266781502897007 0.5321477428180575 0.0210565918064448 0.04103967168262656
0 0.2879488929531328 0.533515731874145 0.0326377172999895 0.03283173734610124
0 0.38480921526277906 0.533515731874145 0.03474337648063397 0.02735978112175097
4 0.33479980972247264 0.533515731874145 0.03790186525160074 0.030095759233926173
4 0.1373942615370524 0.4733242134062927 0.0473773315645008 0.03009575923392603
0 0.07843580447900694 0.533515731874145 0.024215080577411542 0.04377564979480162
2 0.02947922852902274 0.7770177838577291 0.018950932625800335 0.04651162790697683
2 0.058958457058045484 0.7742818057455539 0.018950932625800325 0.04103967168262656
2 0.18003385994510318 0.7804377564979481 0.018950932625800335 0.04787961696306425
2 0.21740931040154274 0.7749658002735978 0.022109421396767033 0.04787961696306425
2 0.24373005015959873 0.7763337893296854 0.022109421396767033 0.04787961696306439
2 0.34796017960150055 0.7783857729138167 0.01789810303547803 0.04924760601915182
2 0.4000752443224515 0.7763337893296854 0.023162250987089267 0.04787961696306439
2 0.44955823506759685 0.7729138166894666 0.023162250987089336 0.05471956224350208
2 0.4821959523675862 0.7763337893296852 0.023162250987089336 0.05882352941176478
2 0.5174657436433813 0.7708618331053352 0.022109421396767102 0.053351573187414375
