2 0.1864734870885078 0.5528089887640449 0.020208949339641222 0.09438202247191008
2 0.28843682239306134 0.5573033707865168 0.022046126552335926 0.09887640449438209
3 0.2420480977725212 0.5561797752808989 0.02112753794598859 0.10112359550561799
3 0.344930021683422 0.5561797752808989 0.02112753794598859 0.10561797752808992
2 0.38994086339444123 0.5528089887640449 0.01929036073329392 0.09438202247191008
3 0.44597476838162825 0.553932584269663 0.017453183520599255 0.10112359550561799
2 0.4932820816085157 0.5494382022471911 0.018371772126946625 0.10561797752808978
3 0.5479381036861818 0.546067415730337 0.01929036073329392 0.10337078651685395
2 0.8510723437808003 0.749438202247191 0.03398777843485107 0.047191011235954934
2 0.2921111768184506 0.801123595505618 0.03674354425389314 0.04719101123595507
2 0.29302976542479797 0.8685393258426966 0.03674354425389317 0.06067415730337075
0 0.29165188251527696 0.9348314606741573 0.03766213286024044 0.05393258426966284
0 0.29073329390892966 0.7426966292134831 0.03766213286024051 0.06067415730337075
8 0.36881332544845263 0.8089887640449439 0.09094027202838553 0.3325842696629213
