2 0.049519976934354934 0.5259917920656635 0.08945544220399601 0.039671682626538925
2 0.134183163305994 0.6484268125854993 0.08626060498242472 0.04377564979480162
2 0.37938692006159014 0.8426812585499316 0.08785802359321032 0.038303693570451575
2 0.8146834915006778 0.9042407660738715 0.09265027942556742 0.043775649794801696
2 0.8114886542791067 0.5622435020519836 0.08945544220399583 0.04103967168262649
2 0.3154901756301644 0.9760601915184679 0.11022188414420934 0.045143638850889116
2 0.4544655947685154 0.9760601915184679 0.11022188414420939 0.04787961696306425
2 0.38417917589394707 0.6067031463748289 0.08466318637163915 0.039671682626538994
2 0.38417917589394707 0.5608755129958961 0.08785802359321032 0.03283173734610124
2 0.20047603565359817 0.5595075239398085 0.08785802359321039 0.0355677154582763
2 0.19967732634820534 0.6046511627906977 0.08306576776085343 0.03283173734610124
3 0.290730187162987 0.5554035567715458 0.08626060498242466 0.04103967168262656
3 0.2891327685522014 0.5930232558139535 0.08306576776085343 0.06429548563611498
