2 0.17148884638778428 0.17783857729138167 0.03961788530410857 0.0875512995896033
2 0.12507932360297136 0.17989056087551297 0.037354006143873804 0.0779753761969904
2 0.08319755913862802 0.286593707250342 0.03735400614387381 0.08344733242134059
2 0.03961788530410858 0.28522571819425446 0.036222066563756414 0.07797537619699042
2 0.03848594572399119 0.43912448700410395 0.033958187403521634 0.07934336525307806
2 0.07810383102809976 0.43433652530779754 0.03395818740352164 0.08344733242134061
2 0.42900510086449 0.1689466484268126 0.04074982488422599 0.07797537619699041
0 0.2897765325100513 0.3761969904240766 0.03622206656375642 0.07934336525307799
0 0.3435436625656272 0.39398084815321477 0.0577289185859868 0.11764705882352942
0 0.4708868653288334 0.16415868673050618 0.03395818740352169 0.08481532147742821
6 0.6904831438716066 0.17441860465116277 0.09734680389009526 0.06703146374829
7 0.6089834941031548 0.17441860465116277 0.04754146236493028 0.08071135430916554
7 0.6995386605125458 0.2811217510259918 0.043013704044460754 0.07250341997264019
7 0.7040664188330151 0.40287277701778396 0.05206922068539981 0.056087551299589575
0 0.7516078811979454 0.2585499316005472 0.03848594572399122 0.08481532147742818
0 0.5721954577493397 0.3625170998632011 0.03961788530410857 0.07934336525307799
0 0.5631399411084004 0.16073871409028725 0.03961788530410857 0.09439124487004104
0 0.3842934874498532 0.2859097127222982 0.044145643624578096 0.09028727770177838
2 0.4691889559586573 0.286593707250342 0.03509012698363904 0.08344733242134059
4 0.4295710706545487 0.29001367989056087 0.03509012698363904 0.08755129958960332
8 0.40636630926214223 0.5273597811217511 0.07244413312751284 0.10807113543091659
2 0.3463735115159207 0.5369357045143639 0.036222066563756455 0.08344733242134054
4 0.46805701637853986 0.5328317373461013 0.037354006143873804 0.09712722298221614
4 0.5993620076721569 0.5300957592339262 0.03282624782340427 0.10259917920656633
4 0.6491673491973219 0.5300957592339262 0.03509012698363897 0.09439124487004108
4 0.6984067209324283 0.5355677154582763 0.04527758320469559 0.09712722298221614
4 0.7493440020377108 0.5355677154582763 0.03169430824328685 0.09439124487004108
4 0.7963194946125824 0.5369357045143639 0.03961788530410857 0.09712722298221621
4 0.7917917362921127 0.6545827633378933 0.0667844352269259 0.13269493844049238
4 0.7317989385458913 0.6552667578659371 0.04414564362457824 0.1067031463748291
4 0.6752019595400219 0.6573187414500684 0.0645205560666912 0.1299589603283173
10 0.6004939472522743 0.6532147742818057 0.07131219354739535 0.11354309165526665
2 0.5512545755171679 0.8002735978112177 0.03848594572399115 0.09028727770177838
0 0.5099387808428832 0.7975376196990425 0.044145643624578096 0.09302325581395351
8 0.42730719149431395 0.7982216142270862 0.07810383102809978 0.13816689466484264
0 0.3695782729083271 0.8009575923392611 0.03509012698363911 0.09712722298221607
5 0.21337061085212763 0.8269493844049248 0.03509012698363904 0.05608755129958965
5 0.26430789195741006 0.8255813953488371 0.03961788530410857 0.053351573187414514
5 0.2150685202223037 0.8898768809849522 0.03622206656375642 0.04787961696306425
5 0.26430789195741006 0.8898768809849521 0.03961788530410857 0.04514363885088926
5 0.21393658064218635 0.9507523939808482 0.04074982488422595 0.05198358413132681
5 0.2648738617474688 0.9500683994528043 0.036222066563756455 0.050615595075239384
