2 0.25680264978407613 0.253077975376197 0.03983061506855062 0.03556771545827637
2 0.25365812754182215 0.19151846785225718 0.03144522242253995 0.02735978112175104
2 0.25103769233994383 0.13406292749658003 0.04716783363380991 0.03009575923392614
4 0.26099534610708147 0.03761969904240767 0.03563791874554528 0.028727770177838577
4 0.30711500566014 0.03761969904240766 0.03983061506855059 0.03146374829001368
2 0.5345687811831789 0.0560875512995896 0.033541570584042474 0.027359781121751022
2 0.5356169552639302 0.1210670314637483 0.031445222422539845 0.0341997264021888
2 0.9223931910611713 0.7872777017783857 0.016770785292021344 0.039671682626538994
2 0.9533143264433357 0.7941176470588235 0.026204352018783225 0.04787961696306425
2 0.9915936438723744 0.7900136798905609 0.01681271225525137 0.039671682626538994
0 0.8820384889522451 0.7900136798905609 0.019915307534275256 0.03693570451436372
2 0.6294285354911743 0.661422708618331 0.024108003857280593 0.04787961696306432
2 0.5843570500188672 0.6634746922024624 0.015722611211269923 0.04103967168262656
2 0.4957863401953796 0.7694938440492476 0.027252526099534647 0.06429548563611491
0 0.46434111777283965 0.7701778385772914 0.018867133453523907 0.04651162790697683
0 0.43289589535029976 0.7688098495212037 0.016770785292021344 0.04103967168262656
2 0.3962098025240032 0.7749658002735978 0.029348874261037283 0.06703146374828989
2 0.35637918745545255 0.7715458276333789 0.027252526099534578 0.06019151846785221
0 0.24579682193618715 0.7756497948016416 0.028300700180285965 0.06019151846785221
0 0.25732673682445184 0.6094391244870041 0.028300700180285965 0.06976744186046503
8 0.36633684122259025 0.6217510259917921 0.17504507148547227 0.16279069767441862
2 0.25732673682445184 0.5170998632010945 0.03878244098779927 0.02462380300957591
2 0.2552303886629491 0.4555403556771546 0.0345897446647939 0.02735978112175104
2 0.3417047503249339 0.42954856361149113 0.03983061506855066 0.03556771545827637
0 0.4287031990272945 0.42818057455540354 0.03354157058404262 0.03283173734610124
0 0.4245105027042891 0.2770177838577291 0.03983061506855051 0.031463748290013666
2 0.34589744664793926 0.27906976744186046 0.031445222422539915 0.021887824897400848
2 0.2552303886629491 0.3454172366621067 0.04716783363380994 0.036935704514363864
2 0.25575447570332477 0.4021887824897401 0.04192696323005325 0.030095759233926104
