2 0.8941298432847832 0.5424076607387142 0.02627217952844603 0.04787961696306432
2 0.9606860314235132 0.5471956224350205 0.02276922225798671 0.04651162790697683
2 0.35555016295163755 0.5827633378932968 0.052544359056892274 0.021887824897400848
2 0.35817738090448215 0.6272229822161423 0.04378696588074355 0.028727770177838466
2 0.25308866279069764 0.38714090287277697 0.06830766677395993 0.03556771545827637
2 0.24958570552023818 0.3454172366621067 0.06480470950350047 0.031463748290013666
0 0.2557158807435423 0.2421340629274966 0.07356210267964919 0.03556771545827637
0 0.4229820904079826 0.25444596443228457 0.07181062404441946 0.03556771545827633
2 0.5123075008046994 0.25512995896032836 0.029775136798905633 0.04514363885088923
2 0.5736092530377404 0.25170998632010944 0.026272179528446103 0.04924760601915189
2 0.623526394141788 0.253077975376197 0.02101774362275698 0.04103967168262656
2 0.6813251891043695 0.253077975376197 0.03152661543413529 0.04651162790697679
2 0.7741535567715458 0.25512995896032836 0.024520700893216372 0.04514363885088923
2 0.8284493944636678 0.2585499316005472 0.024520700893216372 0.04651162790697679
2 0.8923783646495533 0.2585499316005472 0.0332780940693651 0.04924760601915185
0 0.2522129234730828 0.42818057455540354 0.042035487245513786 0.02462380300957591
0 0.24695848756739358 0.4548563611491108 0.042035487245513786 0.025991792065663474
0 0.2163076114508731 0.8837209302325582 0.050792880421662474 0.021887824897400775
2 0.2189348294037177 0.9192886456908345 0.04553844451597328 0.021887824897400775
2 0.21543187213325823 0.9870041039671682 0.049041401786432744 0.023255813953488344
8 0.4010886074676108 0.3618331053351574 0.16113603444113622 0.16826265389876885
