0 0.24154706670855322 0.2558139534883721 0.09466033695335191 0.041039671682626594
0 0.1428065428175568 0.4418604651162791 0.0995565612785253 0.0355677154582763
0 0.34763192708730967 0.4274965800273598 0.09792448650346752 0.04240766073871413
0 0.6365091622725388 0.20930232558139536 0.12403768290439217 0.05745554035567718
0 0.6340610501099522 0.32558139534883723 0.12566975767944996 0.054719562243502044
0 0.7882921163529136 0.48837209302325585 0.09466033695335199 0.03283173734610131
0 0.7874760789653847 0.6333789329685363 0.09629241172840977 0.04103967168262656
0 0.38598568430116786 0.6600547195622434 0.13219805677968113 0.050615595075239384
0 0.36232060006282985 0.713406292749658 0.10445278560369868 0.045143638850889116
0 0.2701083752720646 0.6183310533515731 0.09629241172840974 0.03830369357045136
0 0.15015087930531684 0.5348837209302326 0.10118863605358312 0.04103967168262656
2 0.1428065428175568 0.579343365253078 0.08649996307806297 0.0341997264021888
2 0.27500459959723794 0.5362517099863201 0.0962924117284097 0.0383036935704515
2 0.5132875167556756 0.2086183310533516 0.09302826217829413 0.039671682626538994
2 0.5141035541432045 0.259233926128591 0.09466033695335191 0.0369357045143639
2 0.5116554419806179 0.30369357045143636 0.08976411262817856 0.03830369357045143
2 0.5149195915307334 0.34883720930232553 0.0930282621782942 0.03830369357045143
2 0.5149195915307334 0.39534883720930236 0.0930282621782942 0.04103967168262649
2 0.6373251996600678 0.2667578659370725 0.08976411262817847 0.04103967168262656
8 0.6389572744351255 0.3960328317373461 0.11261315947898759 0.08071135430916555
2 0.7858440041903269 0.4445964432284542 0.0930282621782942 0.03830369357045143
8 0.7825798546402115 0.5725034199726402 0.1517829540803747 0.08618331053351568
8 0.510839404593089 0.594391244870041 0.11424523425404551 0.06703146374829004
2 0.5206318532434356 0.6504787961696306 0.08486788830300512 0.039671682626538925
4 0.2717404500471224 0.5766073871409029 0.09629241172840974 0.042407660738714055
2 0.15341502885543246 0.841313269493844 0.09139618740323635 0.03830369357045143
2 0.14933484191778798 0.8857729138166894 0.08976411262817857 0.03419972640218887
2 0.2652121509468912 0.9281805745554036 0.07997166397783183 0.039671682626538994
2 0.25868385184666004 0.9685362517099863 0.0832358135279474 0.03556771545827644
2 0.41536303025220805 0.9261285909712723 0.08649996307806297 0.03830369357045143
2 0.41536303025220817 0.9671682626538987 0.0832358135279474 0.0355677154582763
4 0.518999778468378 0.5294117647058824 0.09466033695335199 0.04103967168262649
