2 0.1855891176086973 0.5277161862527716 0.0165376441433493 0.09756097560975618
2 0.28619311948073867 0.5210643015521065 0.02296895019909616 0.0931263858093127
2 0.38817525836472583 0.5221729490022173 0.02113143418316845 0.09534368070953442
2 0.4860229862128756 0.5133037694013304 0.02021267617520472 0.09977827050997781
2 0.8498511573665595 0.7305986696230599 0.0404253523504093 0.050997782705099866
4 0.5457422567305258 0.516629711751663 0.02388770820706 0.09756097560975618
4 0.4423819808345928 0.5144124168514412 0.019293918167240846 0.09756097560975611
4 0.34361549497847915 0.5199556541019956 0.02388770820706 0.09534368070953442
4 0.2411739770905101 0.5210643015521065 0.0174564021513131 0.09756097560975611
0 0.2907869095205579 0.7028824833702881 0.0339940462946624 0.04878048780487816
0 0.29078690952055797 0.9035476718403547 0.03766907832651779 0.059866962305986676
2 0.29170566752852173 0.835920177383592 0.03583156231059011 0.04878048780487802
2 0.29354318354444947 0.7716186252771619 0.04134411035837313 0.05764966740576497
8 0.36796258218952116 0.7682926829268293 0.09830710685213169 0.3259423503325942
