2 0.1873278236914601 0.5343249557361933 0.02203856749311296 0.10271277267730504
2 0.2869605142332415 0.5321395775941231 0.021120293847566564 0.08522974754074247
2 0.38613406795224975 0.5321395775941231 0.0211202938475666 0.08960050382488312
2 0.48806244260789716 0.5310468885230879 0.017447199265381103 0.09178588196695343
2 0.8503213957759413 0.7397505010908035 0.03673094582185499 0.05026369726761743
4 0.5449954086317723 0.5310468885230879 0.017447199265381103 0.10489815081937535
4 0.44306703397612496 0.5321395775941231 0.01744719926538103 0.09397126010902376
4 0.34343434343434337 0.5332322666651582 0.018365472910927494 0.10489815081937535
4 0.24150596877869604 0.5321395775941231 0.018365472910927425 0.09397126010902376
2 0.2924701561065197 0.7769019295059991 0.033976124885215814 0.050263697267617286
2 0.2915518824609734 0.8380925174839681 0.03213957759412306 0.04589294098347679
0 0.29384756657483935 0.9080246180302183 0.04040404040404038 0.059005209835898714
0 0.290633608815427 0.7168040305990653 0.03764921946740131 0.04807831912554704
8 0.3677685950413223 0.7878288202163506 0.10009182736455464 0.32999209945261837
