2 0.38153683940203564 0.5998632010943913 0.09091941704899575 0.036935704514363864
2 0.8134040703847654 0.5581395348837209 0.08767229501153154 0.03283173734610124
2 0.8166511924222294 0.8980848153214773 0.08117805093660323 0.036935704514364
2 0.3206533011995832 0.9774281805745554 0.10877858825504848 0.04514363885088926
2 0.46352667084800503 0.9767441860465115 0.12176707640490506 0.043775649794801696
2 0.38884286398632995 0.8385772913816689 0.09579010010519198 0.04103967168262656
2 0.13069666200793134 0.646374829001368 0.07955448991787126 0.04240766073871413
2 0.041400805977667696 0.5280437756497949 0.08280161195533539 0.04103967168262656
2 0.19563910275721405 0.5615595075239398 0.0925429780677278 0.03146374829001374
2 0.19482732224784802 0.6046511627906976 0.08442517297406747 0.03830369357045143
2 0.2873703003155758 0.6046511627906976 0.08442517297406749 0.0355677154582763
2 0.2873703003155758 0.5588235294117647 0.08117805093660337 0.03419972640218873
3 0.37910149787393754 0.5465116279069767 0.08604873399279953 0.05882352941176471
