5 0.5524452666808272 0.07250341997264022 0.06669359356307773 0.07387140902872776
5 0.7947653232933429 0.11627906976744186 0.07113983313394953 0.08755129958960328
5 0.9025866328869853 0.12243502051983585 0.06447047377764178 0.10807113543091657
5 0.8970288334233955 0.2421340629274966 0.08225543206112917 0.09028727770177841
5 0.7986557829178557 0.253077975376197 0.08781323152471898 0.08207934336525309
7 0.5552241664126221 0.19562243502051985 0.04779707538687241 0.07113543091655267
7 0.556891506251699 0.5095759233926128 0.11560222884266799 0.08344733242134061
7 0.7597511866727271 0.5205198358413132 0.11226754916451426 0.10533515731874146
5 0.9214831510631905 0.5348837209302326 0.06447047377764178 0.07934336525307799
5 0.9303756302049342 0.9028727770177838 0.08447855184656504 0.07934336525307813
5 0.793097983454266 0.8290013679890561 0.06558203367035972 0.07660738714090286
5 0.5913498629259558 0.822845417236662 0.0800323122756933 0.06703146374829004
5 0.5507779268417502 0.9521203830369356 0.06780515345579573 0.05745554035567707
