0 0.5684053663017381 0.27838577291381666 0.0484197163886666 0.0998632010943912
0 0.5689316675668324 0.35294117647058826 0.036841088556594175 0.04103967168262649
0 0.6141935763649339 0.35020519835841313 0.022104653133956518 0.06292749658002737
2 0.6152461788951221 0.2920656634746922 0.01789424301320288 0.04514363885088926
2 0.7284009508903756 0.6853625170998632 0.02105205060376804 0.04924760601915182
2 0.8678707861403392 0.682626538987688 0.01789424301320281 0.043775649794801696
2 0.9047118746969334 0.6839945280437757 0.013683832892449175 0.04924760601915196
4 0.8378716140299697 0.6867305061559508 0.02105205060376818 0.06019151846785235
2 0.5373535916611804 0.8207934336525307 0.034735883496217354 0.0273597811217509
2 0.5394587967215572 0.9199726402188781 0.03684108855659403 0.023255813953488344
4 0.5615634498555135 0.7462380300957592 0.024209858194333335 0.056087551299589505
4 0.44577717153478913 0.8625170998632011 0.024209858194333266 0.053351573187414375
4 0.25630871610087635 0.8358413132694938 0.03894629361697092 0.030095759233926173
4 0.25946652369144163 0.8741450068399453 0.03894629361697092 0.03283173734610116
4 0.25946652369144163 0.911764705882353 0.03473588349621732 0.028727770177838608
4 0.25946652369144163 0.9562243502051985 0.03894629361697092 0.0273597811217509
4 0.22157283260465907 0.8919288645690835 0.01789424301320288 0.05198358413132681
4 0.13315422006883312 0.5321477428180574 0.03894629361697095 0.0355677154582763
4 0.16841640483014467 0.4760601915184678 0.03789369108678258 0.030095759233926104
4 0.1715742124207099 0.39808481532147744 0.021052050603768073 0.05198358413132695
2 0.635771928233796 0.43091655266757867 0.023157255664144928 0.05198358413132695
