2 0.18962350780532597 0.521616007608003 0.02295684113865935 0.08878570342263878
2 0.29292929292929293 0.5205061863152199 0.025711662075298385 0.0998839163504686
2 0.39026629935720847 0.5138472585585221 0.02203856749311292 0.09100534600820481
2 0.492653810835629 0.52050618631522 0.019283746556473885 0.08656606083707288
4 0.44674012855831036 0.5171767224368711 0.019283746556473885 0.10210355893603464
4 0.5472910927456381 0.5182865437296541 0.020202020202020207 0.09100534600820481
2 0.8553719008264463 0.7324820532367702 0.03397612488521588 0.044392851711319424
4 0.24426078971533516 0.519396365022437 0.020202020202020207 0.09766427376490264
4 0.34573002754820936 0.522725828900786 0.019283746556473816 0.0998839163504686
8 0.3686868686868687 0.7813141901192217 0.09641873278236908 0.33294638783489555
2 0.29660238751147844 0.7702159771913917 0.038567493112947666 0.0665892775669792
2 0.29476584022038566 0.8368052547583708 0.038567493112947666 0.057710707224715205
0 0.29660238751147844 0.901174889739784 0.038567493112947666 0.062149992395847134
0 0.29384756657483935 0.7102856273811105 0.03673094582185495 0.05771070722471535
