0 0.22483334032116054 0.49110807113543087 0.034589744664793934 0.0984952120383037
0 0.18500272525260994 0.4774281805745554 0.02201165569577796 0.04924760601915182
0 0.18709907341411258 0.539671682626539 0.015722611211269992 0.04514363885088926
0 0.07127583749109051 0.5417236662106703 0.016770785292021292 0.041039671682626636
0 0.28195882772210806 0.539671682626539 0.029348874261037244 0.025991792065663547
0 0.37734266907047925 0.5403556771545828 0.031445222422539915 0.030095759233926173
4 0.327554400234791 0.5417236662106703 0.03249339650329123 0.027359781121751112
2 0.4035470210892625 0.2448700410396717 0.031445222422539984 0.030095759233926173
2 0.40511928221038945 0.20588235294117646 0.030397048341788562 0.028727770177838573
2 0.4004024988470085 0.15663474692202464 0.029348874261037283 0.028727770177838608
2 0.40249884700851113 0.11285909712722297 0.027252526099534647 0.02872777017783859
2 0.40407110812963815 0.030095759233926128 0.02830070018028593 0.027359781121751022
0 0.40145067292775977 0.06908344733242135 0.03354157058404262 0.031463748290013686
8 0.49002138275124735 0.08823529411764705 0.08909479686386312 0.1682626538987688
0 0.6980839377803865 0.37961696306429543 0.037734266907047814 0.1025991792065664
2 0.6928430673766299 0.2763337893296854 0.03354157058404269 0.07934336525307799
2 0.6891744580940002 0.1969904240766074 0.024108003857280666 0.06292749658002737
10 0.774076558634858 0.2086183310533516 0.08070940421785253 0.07797537619699042
0 0.7751247327156093 0.27291381668946646 0.03039704834178849 0.028727770177838608
0 0.7971363884113873 0.12311901504787962 0.07022766341033929 0.054719562243502044
2 0.512557125487401 0.7790697674418604 0.023059829776529314 0.050615595075239384
2 0.47849146786298263 0.7783857729138167 0.017818959372772624 0.04924760601915182
2 0.4428535491174374 0.7797537619699042 0.02201165569577796 0.04651162790697669
2 0.3941134543625005 0.789329685362517 0.02096348161502661 0.043775649794801696
2 0.3438010984864366 0.7920656634746922 0.025156177938031946 0.04651162790697683
2 0.24370047377468448 0.7879616963064296 0.02201165569577796 0.043775649794801696
2 0.21382751247327156 0.7879616963064296 0.027252526099534612 0.05471956224350208
2 0.17504507148547227 0.7859097127222983 0.020963481615026643 0.039671682626538994
2 0.051884616997190894 0.7831737346101232 0.028300700180285947 0.04787961696306425
2 0.020439394574650955 0.7852257181942545 0.01991530753427529 0.043775649794801696
4 0.12892541193241375 0.48290013679890564 0.03773426690704793 0.03556771545827637
