5 0.09965420276637786 0.5041039671682627 0.06491759494495472 0.08071135430916548
5 0.10193201311532364 0.37277701778385774 0.06719540529390051 0.08344733242134061
5 0.20386402623064728 0.3761969904240766 0.07061212081731917 0.08755129958960324
5 0.20101676329446508 0.5054719562243501 0.06263978459600893 0.08071135430916548
5 0.10193201311532364 0.6224350205198358 0.07175102599179208 0.07934336525307799
5 0.10250146570256008 0.746922024623803 0.06833431046837339 0.08481532147742811
5 0.10534872863874233 0.8693570451436389 0.07402883634073786 0.08618331053351568
5 0.20101676329446505 0.8597811217510261 0.06947321564284628 0.08344733242134068
5 0.2027251210561744 0.6162790697674418 0.06377868977048187 0.09712722298221621
5 0.1976000477710464 0.7428180574555404 0.06491759494495472 0.09028727770177838
2 0.15204384079213082 0.7168262653898768 0.0330282500597138 0.06292749658002733
2 0.15147438820489437 0.5896032831737346 0.0341671552341867 0.0957592339261285
2 0.15147438820489437 0.4753761969904241 0.0341671552341867 0.09712722298221614
2 0.1491965778559486 0.35499316005471954 0.02961153453629514 0.08618331053351574
10 0.2966847979501878 0.38850889192886456 0.06947321564284632 0.15868673050615595
0 0.037583870757605366 0.6867305061559508 0.041000586281024036 0.08481532147742826
0 0.034167155234186695 0.8447332421340629 0.043278396629969816 0.12175102599179212
2 0.2710594315245478 0.853625170998632 0.03872277593207826 0.08207934336525312
2 0.3240185221375372 0.8495212038303694 0.037583870757605414 0.07660738714090286
2 0.4196865567932599 0.8543091655266758 0.028472629361822255 0.06703146374829004
2 0.5210491173213471 0.8549931600547196 0.03758387075760538 0.06839945280437747
2 0.4766318155169044 0.8584131326949384 0.02847262936182233 0.07523939808481529
0 0.5671747768874993 0.8515731874145007 0.03416715523418667 0.08344733242134054
0 0.7454134366925065 0.8515731874145007 0.039861681106551146 0.08071135430916555
2 0.8929016567867457 0.625170998632011 0.045556206978915555 0.1176470588235295
2 0.8923322041995092 0.45759233926128595 0.05125073285127996 0.0998632010943912
8 0.7192186176796299 0.3461012311901505 0.22891994006905086 0.18057455540355677
8 0.7197880702668664 0.548563611491108 0.2277810348945779 0.1860465116279069
5 0.7493996048031616 0.6894664842681258 0.07061212081731924 0.07934336525307799
4 0.9059990662931839 0.15800273597811218 0.04669511215338844 0.09712722298221617
4 0.956110893969991 0.16142270861833105 0.03758387075760538 0.09302325581395349
0 0.8126088419864069 0.16484268125854995 0.03530606040865962 0.08344733242134066
4 0.5791332812194646 0.15253077975376197 0.039861681106551146 0.09712722298221614
4 0.6275367511345624 0.14979480164158684 0.04327839662996979 0.09986320109439123
2 0.5768554708705187 0.2674418604651163 0.03530606040865955 0.08891928864569082
2 0.5051044448787266 0.4658002735978113 0.028472629361822186 0.08071135430916548
2 0.460687143074284 0.4685362517099864 0.04441730180444267 0.08618331053351574
2 0.5768554708705187 0.49726402188782487 0.04213949145549698 0.08891928864569089
2 0.5045349922914902 0.658686730506156 0.03188934488524083 0.08071135430916548
2 0.45954823789981103 0.6545827633378933 0.03530606040865955 0.07797537619699049
4 0.3701441817036893 0.38372093023255816 0.043278396629969865 0.09165526675786595
4 0.37071363429092563 0.5937072503419973 0.039861681106551146 0.07660738714090286
4 0.32572687989924654 0.594391244870041 0.04327839662996979 0.08891928864569089
4 0.28529574620545894 0.5964432284541724 0.03758387075760538 0.08755129958960324
4 0.243156254749962 0.5923392612859097 0.03530606040865955 0.09575923392612865
4 0.2454340650989078 0.7195622435020519 0.03530606040865962 0.09575923392612865
4 0.28643465137993185 0.7154582763337893 0.030750439710768022 0.08481532147742811
4 0.3257268798992465 0.7161422708618332 0.0318893448852409 0.08071135430916555
0 0.13723807352398323 0.11285909712722297 0.05808416389811736 0.11354309165526676
4 0.07915390962586585 0.11354309165526676 0.06036197424706316 0.12311901504787962
5 0.6178560571515428 0.8317373461012312 0.04897292250233434 0.06292749658002719
5 0.6178560571515428 0.893296853625171 0.05125073285128018 0.057455540355677216
5 0.79609471695655 0.8290013679890561 0.050111827676807226 0.05745554035567707
5 0.792108548845895 0.8885088919288645 0.039861681106551146 0.05608755129958965
5 0.2163919831498491 0.18194254445964433 0.0364449655831325 0.04651162790697676
5 0.26821216858836555 0.179890560875513 0.039861681106551146 0.058823529411764726
5 0.2659343582394198 0.1183310533515732 0.039861681106551146 0.039671682626539015
5 0.26821216858836555 0.05677154582763338 0.039861681106551146 0.04787961696306429
5 0.21354472021366688 0.060191518467852256 0.04669511215338847 0.04103967168262654
5 0.2163919831498491 0.11833105335157318 0.03872277593207823 0.04240766073871409
