2 0.3723024731341455 0.5683994528043776 0.09287195172274089 0.03967168262653906
2 0.3723024731341455 0.6142270861833107 0.08635462177728534 0.03009575923392603
2 0.8130369106955737 0.5711354309165527 0.09124261923637704 0.039671682626538925
2 0.8162955756683016 0.915184678522572 0.08472528929092149 0.04651162790697683
2 0.18167057222957209 0.6135430916552669 0.09287195172274088 0.036935704514363864
2 0.18981723466139147 0.5697674418604652 0.09287195172274089 0.036935704514363864
2 0.1189412715045629 0.6607387140902873 0.09450128420910478 0.04103967168262656
2 0.37148780689096356 0.8529411764705884 0.08798395426364919 0.03419972640218887
2 0.2769865226818588 0.5663474692202464 0.08472528929092153 0.03830369357045136
2 0.2786158551682227 0.6135430916552669 0.08146662431819379 0.031463748290013666
