0 0.2561994776769058 0.23871409028727772 0.08621315756746668 0.04240766073871413
0 0.3529859470215147 0.4151846785225718 0.08783982091779631 0.045143638850889116
0 0.14639970152966048 0.42954856361149113 0.08133316751647808 0.04377564979480162
0 0.15127969158064916 0.5232558139534883 0.09109314761845543 0.045143638850889116
0 0.27165277950503663 0.6073871409028728 0.09434647431911454 0.043775649794801696
0 0.3684392488496455 0.7031463748290014 0.09271981096878498 0.03830369357045129
0 0.37819922895162295 0.6456908344733242 0.1219997512747171 0.06566347469220248
2 0.5254122621564481 0.6409028727770177 0.09434647431911451 0.039671682626538925
2 0.274092774530531 0.5246238030095759 0.08621315756746668 0.039671682626538925
2 0.14639970152966048 0.5622435020519836 0.08458649421713715 0.03556771545827637
2 0.14721303320482526 0.8290013679890561 0.08621315756746671 0.043775649794801696
2 0.15046635990548438 0.8727770177838576 0.07970650416614847 0.04103967168262656
2 0.2570128093520706 0.914500683994528 0.08133316751647804 0.04240766073871413
2 0.2561994776769058 0.9582763337893297 0.08621315756746668 0.03419972640218887
2 0.414799154334038 0.9158686730506156 0.08458649421713715 0.04240766073871413
2 0.4091058326078846 0.9569083447332422 0.08621315756746668 0.036935704514363864
2 0.5270389255067777 0.1990424076607387 0.09109314761845538 0.03146374829001371
2 0.5229722671309538 0.24555403556771543 0.08621315756746668 0.04787961696306425
2 0.6514786718069892 0.25718194254445964 0.08946648426812587 0.0355677154582763
2 0.5254122621564481 0.2913816689466484 0.08783982091779627 0.04377564979480166
2 0.5302922522074368 0.3406292749658003 0.09434647431911458 0.04103967168262649
2 0.5229722671309538 0.38714090287277697 0.08621315756746668 0.041039671682626636
2 0.7970650416614847 0.4363885088919288 0.0845864942171373 0.0383036935704515
0 0.7897450565850019 0.4794801641586868 0.0829598308668075 0.031463748290013666
0 0.7905583882601667 0.6238030095759234 0.08133316751647797 0.03556771545827622
8 0.7889317249098372 0.5636114911080711 0.15290635493097868 0.07660738714090286
8 0.6506653401318243 0.380984952120383 0.11061310782241009 0.07250341997264016
8 0.5115856236786469 0.5800273597811217 0.1154930978733988 0.07113543091655267
4 0.27327944285536626 0.5629274965800274 0.09434647431911458 0.03419972640218887
0 0.6465986817560004 0.3112175102599179 0.11874642457405792 0.053351573187414514
0 0.6498520084566596 0.19630642954856362 0.1122397711727396 0.053351573187414514
