2 0.3741060312287967 0.04103967168262654 0.03509012698363904 0.08207934336525308
2 0.41881764464343346 0.03488372093023256 0.03395818740352162 0.06976744186046512
0 0.32769650844398385 0.036935704514363885 0.041881764464343336 0.07387140902872777
0 0.1324369308737344 0.12859097127222982 0.05206922068539985 0.11491108071135432
10 0.2880786231398752 0.40971272229822164 0.08715934766903885 0.14911080711354316
2 0.4522098622568964 0.49179206566347466 0.03056236866316951 0.08344733242134068
2 0.4986193850417094 0.4904240766073872 0.03961788530410857 0.08891928864569074
2 0.5727614275393983 0.518467852257182 0.036222066563756525 0.08755129958960332
2 0.5761572462797505 0.29343365253077974 0.036222066563756386 0.10259917920656633
4 0.5772891858598679 0.17510259917920656 0.043013704044460754 0.0957592339261286
4 0.6208688596943872 0.17031463748290016 0.03509012698363911 0.10259917920656635
4 0.9129092713646734 0.1874145006839945 0.04867340194504763 0.09028727770177838
4 0.9615826733097211 0.18604651162790697 0.04414564362457824 0.09575923392612858
0 0.813864558104402 0.1853625170998632 0.04074982488422592 0.09165526675786595
8 0.7165177542143065 0.3714090287277702 0.23544343266441672 0.18741450068399448
8 0.7182156635844826 0.5649794801641588 0.2343114930842993 0.18604651162790709
2 0.8942322682927365 0.48632010943912446 0.04980534152516498 0.11080711354309165
2 0.8908364495523843 0.6409028727770177 0.036222066563756525 0.10533515731874146
0 0.560310092158107 0.887140902872777 0.04301370404446068 0.08891928864569082
0 0.7442502739271825 0.8885088919288645 0.041881764464343406 0.08618331053351568
5 0.9100794224143799 0.8590971272229823 0.04074982488422592 0.06019151846785221
5 0.9593187941494863 0.8638850889192886 0.044145643624578096 0.06155950752393977
2 0.45334180183701384 0.6880984952120383 0.03961788530410857 0.08481532147742826
2 0.4986193850417094 0.6874145006839945 0.041881764464343406 0.07797537619699042
2 0.5161644485335288 0.884404924760602 0.02943042908305216 0.07523939808481529
2 0.47484865385924424 0.8857729138166894 0.044145643624578096 0.09439124487004108
2 0.4120260071627292 0.8816689466484269 0.03848594572399122 0.07797537619699042
2 0.31298129390245777 0.8823529411764706 0.032826247823404306 0.07387140902872773
2 0.26713774090770354 0.8850889192886457 0.03395818740352162 0.07387140902872773
2 0.13809662877432133 0.7441860465116278 0.04074982488422597 0.09575923392612865
2 0.14488826625502566 0.6196990424076607 0.043013704044460754 0.09302325581395338
2 0.14205841730473218 0.493844049247606 0.037354006143873804 0.09302325581395351
2 0.14319035688484957 0.37961696306429543 0.03282624782340427 0.07797537619699049
0 0.023204761392406455 0.7140902872777017 0.04188176446434336 0.08481532147742826
0 0.026600580132758615 0.8816689466484269 0.04188176446434335 0.10807113543091659
4 0.23487746287435798 0.6169630642954855 0.03961788530410857 0.09028727770177845
4 0.2795890762889948 0.6244870041039671 0.04074982488422599 0.1053351573187414
4 0.3192069615931034 0.6210670314637483 0.043013704044460754 0.0984952120383037
4 0.3633526052176815 0.6169630642954856 0.03395818740352162 0.09575923392612865
4 0.3610887260574468 0.40834473324213405 0.04301370404446068 0.10259917920656633
4 0.23317955350418193 0.7421340629274965 0.04527758320469552 0.10807113543091659
4 0.2744953481784666 0.7455540355677155 0.03509012698363904 0.10123119015047877
4 0.3203389011732208 0.7435020519835841 0.036222066563756386 0.09165526675786595
5 0.21110673169189284 0.19904240766073872 0.037354006143873804 0.04787961696306432
5 0.2682696804878209 0.19972640218878251 0.047541462364930315 0.05198358413132695
5 0.26430789195741006 0.13611491108071136 0.035090126983639 0.04240766073871411
5 0.26487386174746874 0.07455540355677154 0.04074982488422595 0.04240766073871409
5 0.21167270148195155 0.07455540355677154 0.036222066563756386 0.05061559507523939
5 0.21110673169189284 0.13885088919288646 0.039617885304108605 0.03967168262653898
