2 0.5345855694692905 0.19972640218878246 0.09838998211091238 0.04377564979480166
2 0.5345855694692905 0.2448700410396717 0.09183064997018484 0.04377564979480162
2 0.5296660703637448 0.2920656634746922 0.0885509838998211 0.039671682626538994
2 0.5354054859868814 0.34199726402188785 0.09019081693500297 0.03283173734610124
2 0.5296660703637448 0.3898768809849521 0.08527131782945738 0.03556771545827637
2 0.6600327966607037 0.2606019151846785 0.0901908169350029 0.0341997264021888
0 0.6600327966607037 0.20383036935704518 0.12626714370900408 0.054719562243502044
1 0.6526535480023853 0.3098495212038304 0.11478831246273118 0.06429548563611494
0 0.8051580202742994 0.4842681258549932 0.0918306499701849 0.04377564979480162
0 0.79695885509839 0.6238030095759234 0.08527131782945745 0.04377564979480162
0 0.39192009540846756 0.6497948016415869 0.13446630888491357 0.06019151846785235
0 0.37060226595110324 0.6997264021887823 0.09511031604054863 0.04514363885088926
0 0.3632230172927848 0.4151846785225718 0.0967501490757305 0.039671682626538994
0 0.2607334525939177 0.24418604651162787 0.09183064997018488 0.04787961696306429
0 0.15906380441264165 0.4254445964432284 0.09183064997018488 0.04377564979480162
0 0.15414430530709602 0.5218878248974008 0.08855098389982113 0.03967168262653906
2 0.1516845557543232 0.5636114911080711 0.08363148479427551 0.04103967168262656
2 0.2787716159809184 0.5218878248974008 0.0983899821109124 0.03967168262653906
4 0.28041144901610027 0.5622435020519836 0.10166964818127613 0.04103967168262649
4 0.5304859868813359 0.5198358413132695 0.08363148479427551 0.04103967168262656
8 0.6542933810375672 0.38372093023255816 0.10822898032200357 0.08344733242134061
8 0.7928592725104354 0.5615595075239399 0.1557841383422779 0.08344733242134061
8 0.5247465712581992 0.5848153214774281 0.11806797853309475 0.0697674418604651
2 0.5304859868813357 0.6436388508891929 0.09019081693500297 0.036935704514363864
2 0.1516845557543232 0.8310533515731874 0.09019081693500298 0.04787961696306425
2 0.15414430530709602 0.8741450068399453 0.08527131782945738 0.03830369357045143
2 0.25991353607632683 0.9131326949384405 0.08691115086463924 0.039671682626538994
2 0.257453786523554 0.9582763337893297 0.0819916517590936 0.039671682626538994
2 0.41815742397137756 0.914500683994528 0.08527131782945738 0.039671682626538994
2 0.41487775790101383 0.9582763337893296 0.08527131782945738 0.036935704514363864
0 0.28041144901610027 0.606703146374829 0.09511031604054863 0.04514363885088926
