2 0.5460587927081678 0.19767441860465113 0.08905679881077426 0.039671682626538994
2 0.550745992645577 0.2428180574555403 0.08593199885250137 0.03967168262653896
2 0.550745992645577 0.29138166894664835 0.08280719889422848 0.043775649794801585
2 0.5484023926768724 0.34062927496580025 0.09061919878991055 0.04103967168262656
2 0.5523083926247133 0.38714090287277697 0.07968239893595573 0.04103967168262649
2 0.6710507910390789 0.25512995896032825 0.08593199885250137 0.04240766073871409
0 0.667144791091238 0.1983584131326949 0.11874239841436555 0.06019151846785221
0 0.6663635911016698 0.31395348837209297 0.11405519847695643 0.05882352941176468
0 0.8140103891300585 0.6176470588235293 0.08436959887336486 0.04514363885088919
0 0.8077607892135128 0.47469220246238025 0.07499519899854662 0.03283173734610116
0 0.19842479735032137 0.435704514363885 0.0937439987481833 0.039671682626538994
0 0.29138759610893644 0.2462380300957592 0.07968239893595577 0.04103967168262656
0 0.389818794794529 0.4186046511627906 0.08593199885250137 0.04377564979480162
0 0.3140423958064141 0.6114911080711354 0.084369598873365 0.043775649794801696
0 0.4195043943981203 0.6470588235294116 0.11717999843522911 0.05745554035567707
0 0.40856759454416564 0.6997264021887823 0.07343279901941024 0.036935704514364
2 0.5569955925621225 0.6367989056087551 0.07968239893595573 0.036935704514363864
2 0.31872959574382326 0.5280437756497948 0.08124479891509225 0.03283173734610124
2 0.19608119738161675 0.5636114911080711 0.0828071988942286 0.041039671682626636
4 0.31169879583770954 0.5670314637482899 0.08280719889422862 0.03693570451436393
4 0.5538707926038497 0.5205198358413132 0.09218159876904693 0.039671682626538925
2 0.4554395939182573 0.9090287277701776 0.0796823989359558 0.039671682626538994
2 0.45465839392868906 0.9555403556771545 0.08124479891509225 0.036935704514363864
2 0.305449195921164 0.9555403556771545 0.08280719889422858 0.03146374829001388
2 0.3132611958168459 0.9138166894664841 0.07655759897768305 0.03830369357045143
2 0.20936159720427605 0.8296853625170997 0.08749439883163777 0.03693570451436372
2 0.20311199728773055 0.8755129958960327 0.08124479891509222 0.04103967168262642
8 0.8061983892343766 0.5567715458276333 0.13749119816400224 0.07934336525307792
8 0.6702695910495108 0.383720930232558 0.1062431985812745 0.08071135430916548
2 0.8132291891404904 0.4281805745554035 0.08280719889422855 0.03830369357045143
8 0.5429339927498951 0.5800273597811217 0.1015559986438653 0.06839945280437754
0 0.19686239737118494 0.5266757865937071 0.08436959887336498 0.03283173734610116
