2 0.12904476474333132 0.1265389876880985 0.035598555791263815 0.08344733242134061
2 0.1746554143508881 0.12517099863201095 0.03782346552821782 0.08891928864569085
2 0.04338573987060277 0.23255813953488372 0.03337364605430983 0.08481532147742815
2 0.08343411513577458 0.23529411764705885 0.028923826580401855 0.07387140902872776
2 0.08232166026729758 0.38919288645690836 0.03782346552821779 0.06703146374829004
2 0.04004837526517179 0.3905608755129959 0.04227328500212578 0.07250341997264016
8 0.4060460269941029 0.4808481532147742 0.06897220184557362 0.10807113543091652
8 0.42328907745549627 0.7626538987688098 0.05896010802928075 0.14637482900136803
2 0.5517776147645891 0.7660738714090288 0.03782346552821785 0.09849521203830378
0 0.5050545102885553 0.765389876880985 0.03782346552821785 0.09165526675786595
0 0.36711010659740806 0.7667578659370724 0.04449819473907972 0.09439124487004094
0 0.13071344704604682 0.9466484268125854 0.0545102885553727 0.09302325581395365
10 0.6018380838460539 0.612859097127223 0.07564693105643557 0.1121751025991793
0 0.29035072067249545 0.3317373461012312 0.03337364605430984 0.08344733242134059
0 0.34597346409634516 0.34746922024623805 0.057847653160803675 0.13132694938440495
0 0.3799033375848936 0.23392612859097128 0.03893592039669478 0.0738714090287278
0 0.46834349962881455 0.11012311901504787 0.03337364605430977 0.07523939808481532
0 0.5612334811466436 0.11217510259917923 0.03893592039669478 0.09028727770177841
2 0.43052003410059675 0.11833105335157318 0.03337364605430977 0.07250341997264023
2 0.46945595449729155 0.23461012311901505 0.028923826580401837 0.07523939808481533
0 0.5723580298314135 0.3173734610123119 0.03003628144887884 0.08481532147742822
0 0.7464572167480631 0.21203830369357046 0.03782346552821778 0.09028727770177838
4 0.676928787468251 0.6121751025991792 0.0589601080292806 0.12448700410396718
4 0.728657938852431 0.6135430916552668 0.03782346552821778 0.09439124487004101
4 0.7848369097105194 0.6019151846785227 0.0589601080292806 0.14227086183310525
4 0.47279331910272254 0.49110807113543087 0.03337364605430977 0.0984952120383037
4 0.5957195820694304 0.48632010943912446 0.034486100922786846 0.09712722298221614
4 0.6452238237166565 0.4856361149110807 0.03782346552821785 0.09302325581395351
4 0.6980654299693139 0.48700410396716826 0.03671101065974085 0.09028727770177838
4 0.7431198521426322 0.4870041039671683 0.03559855579126378 0.08755129958960332
4 0.7915116389213813 0.4883720930232559 0.038935920396694856 0.08481532147742818
2 0.35097951100449165 0.4952120383036936 0.04116083013364886 0.08207934336525305
7 0.6168562245704933 0.11969904240766073 0.05451028855537274 0.08618331053351573
7 0.7002903397062679 0.23666210670314636 0.05006046908146487 0.0656634746922024
5 0.663579329046527 0.11833105335157318 0.04338573987060286 0.08071135430916553
5 0.7130835706937532 0.12175102599179208 0.04894801421298766 0.07113543091655268
5 0.6975092025350753 0.35430916552667585 0.0511729239499418 0.0738714090287278
5 0.21247887987910588 0.7845417236662107 0.03782346552821778 0.050615595075239384
5 0.2642080312632861 0.789329685362517 0.03893592039669482 0.04651162790697669
5 0.2108101975763904 0.8502051983584131 0.03671101065974081 0.04514363885088926
5 0.2642080312632861 0.8488372093023255 0.03671101065974081 0.04240766073871413
5 0.2669891684344786 0.9124487004103967 0.033373646054309807 0.04103967168262642
5 0.2108101975763904 0.911764705882353 0.03671101065974081 0.04787961696306425
5 0.2108101975763904 0.9726402188782489 0.034486100922786846 0.04651162790697669
5 0.26253934896057063 0.9774281805745554 0.033373646054309807 0.04514363885088926
4 0.42718266949516576 0.24145006839945282 0.03559855579126378 0.08618331053351572
