0 0.18431243217940807 0.038303693570451436 0.09338496563756678 0.038303693570451436
2 0.18431243217940807 0.08207934336525309 0.08683163471563224 0.03830369357045145
2 0.4775739909359774 0.10259917920656635 0.11632162386433756 0.04924760601915185
2 0.6315772676014383 0.10328317373461011 0.10976829294240296 0.04514363885088919
0 0.870773846252048 0.25376196990424077 0.09338496563756678 0.04787961696306432
0 0.18349326581416625 0.18399452804377564 0.08191663652418138 0.031463748290013666
2 0.2744207323560076 0.41313269493844046 0.09338496563756678 0.04103967168262649
2 0.51034064554565 0.4158686730506156 0.09010830017659949 0.04377564979480162
2 0.6717164194982872 0.4904240766073871 0.08191663652418128 0.039671682626538994
2 0.6676205876720782 0.5348837209302326 0.08027830379369767 0.03830369357045136
2 0.47921232366646094 0.4890560875512996 0.08355496925466505 0.03693570451436393
2 0.4824889891274283 0.5321477428180574 0.0999382965595013 0.0355677154582763
4 0.17202493670078087 0.3686730506155951 0.0950232983680504 0.039671682626538994
4 0.16874827123981362 0.41313269493844046 0.08846996744611588 0.04103967168262649
0 0.861763016234388 0.4322845417236662 0.08519330198514866 0.0355677154582763
0 0.8494755207557608 0.6299589603283173 0.10976829294240303 0.05608755129958972
2 0.8634013489648718 0.47742818057455544 0.0851933019851485 0.03830369357045143
2 0.8642205153301135 0.5164158686730506 0.0868316347156322 0.036935704514363864
2 0.8634013489648718 0.5779753761969905 0.0851933019851485 0.039671682626538994
2 0.8625821825996298 0.6792065663474692 0.08355496925466496 0.039671682626538994
2 0.8601246835039044 0.7229822161422709 0.0851933019851485 0.039671682626538855
2 0.7200472350475542 0.8461012311901505 0.08355496925466512 0.04787961696306425
2 0.5996297793570077 0.8522571819425444 0.09502329836805046 0.03556771545827644
2 0.4726589927445265 0.8495212038303694 0.096661631098534 0.03283173734610131
2 0.3571565352454308 0.844733242134063 0.09829996382901765 0.03693570451436372
4 0.11795995659482117 0.9199726402188783 0.11795995659482117 0.056087551299589505
0 0.11714079022957936 0.8543091655266758 0.11959828932530478 0.06703146374829004
0 0.6848230813421563 0.9582763337893297 0.08846996744611588 0.04240766073871413
0 0.8494755207557608 0.9651162790697674 0.12942828570820653 0.053351573187414375
10 0.3964765207770378 0.6969904240766073 0.14417328028255916 0.08344733242134068
4 0.39074235622034514 0.6272229822161424 0.08027830379369774 0.04787961696306425
4 0.6004489457222495 0.6272229822161423 0.08683163471563234 0.039671682626538925
4 0.6061831102789421 0.6730506155950752 0.09174663290708303 0.03830369357045129
4 0.7216855677780378 0.6757865937072504 0.09010830017659956 0.04651162790697669
4 0.7233239005085216 0.7140902872777016 0.08027830379369774 0.043775649794801696
4 0.7216855677780378 0.7537619699042408 0.08355496925466496 0.03556771545827644
4 0.6045447775484585 0.7523939808481532 0.09502329836805032 0.04103967168262656
4 0.6102789421051511 0.7140902872777016 0.09338496563756671 0.0355677154582763
0 0.03440498734015617 0.6593707250341997 0.06880997468031234 0.030095759233926173
2 0.031947488244430736 0.6162790697674418 0.06389497648886147 0.028727770177838608
2 0.031947488244430736 0.5711354309165526 0.06389497648886147 0.031463748290013596
