2 0.8506093906093907 0.7351648351648352 0.03952047952047948 0.05494505494505489
2 0.4898701298701299 0.5274725274725275 0.020219780219780218 0.10109890109890102
2 0.38739260739260745 0.5241758241758242 0.021138861138861174 0.08571428571428569
2 0.28491508491508494 0.5274725274725275 0.020219780219780218 0.07912087912087912
2 0.18197802197802196 0.5307692307692308 0.02389610389610393 0.09010989010989007
8 0.3639560439560439 0.7769230769230769 0.1010989010989011 0.323076923076923
2 0.2895104895104895 0.7769230769230769 0.034925074925074885 0.06813186813186803
2 0.2904295704295704 0.8417582417582418 0.038601398601398634 0.052747252747252844
0 0.2904295704295705 0.9098901098901098 0.0367632367632368 0.0527472527472527
0 0.2872127872127872 0.7076923076923077 0.037682317682317716 0.03956043956043956
4 0.23666333666333672 0.5318681318681319 0.0193006993006993 0.09230769230769226
4 0.3396003996003996 0.5296703296703297 0.017462537462537498 0.08791208791208788
4 0.44069930069930074 0.5241758241758241 0.01378621378621375 0.09890109890109891
4 0.5417982017982018 0.5274725274725275 0.019300699300699192 0.09230769230769226
