2 0.1719746813454064 0.17578659370725036 0.0364449655831325 0.08891928864569083
2 0.12641847436649079 0.17510259917920656 0.0341671552341867 0.08207934336525308
2 0.08257062514928451 0.2811217510259918 0.03302825005971381 0.07523939808481529
2 0.03815332334484181 0.28317373461012313 0.033028250059713805 0.08207934336525305
2 0.04384784921720626 0.43091655266757867 0.03986168110655114 0.08207934336525305
2 0.0859873406727032 0.43433652530779754 0.03986168110655115 0.07797537619699042
0 0.2904208194905869 0.380984952120383 0.041000586281024064 0.08344733242134061
0 0.3433799101035763 0.3898768809849521 0.05352854320022587 0.12038303693570448
0 0.38096378086118166 0.28454172366621067 0.03530606040865969 0.08481532147742818
2 0.42822834560180667 0.16415868673050618 0.02961153453629514 0.079343365253078
2 0.4663816689466484 0.2770177838577291 0.03530606040865962 0.08344733242134061
0 0.46524276377217555 0.15800273597811218 0.03758387075760538 0.08891928864569085
0 0.5603413458406619 0.15731874145006838 0.03188934488524083 0.07934336525307797
0 0.5711609449981543 0.3584131326949384 0.03758387075760538 0.07113543091655267
0 0.7414272685818513 0.25649794801641584 0.02961153453629521 0.08071135430916553
2 0.3502133411504137 0.5273597811217511 0.028472629361822255 0.07797537619699049
2 0.5506606518576423 0.7886456908344733 0.04213949145549698 0.07523939808481543
0 0.5045349922914901 0.7852257181942545 0.04783401732786139 0.08207934336525312
0 0.3661580135930341 0.7927496580027359 0.033028250059713854 0.06976744186046517
8 0.4322145137124618 0.7838577291381668 0.06719540529390045 0.15321477428180585
8 0.40203352658893016 0.5150478796169631 0.0637786897704818 0.1053351573187414
4 0.46695112153388485 0.5253077975376197 0.03872277593207826 0.09575923392612865
4 0.5973557640110307 0.5218878248974008 0.04213949145549691 0.08891928864569089
4 0.6457592339261287 0.5218878248974008 0.04100058628102403 0.08344733242134068
4 0.694732156428463 0.5177838577291382 0.043278396629969934 0.0998632010943912
4 0.7419967211690878 0.5198358413132695 0.04441730180444267 0.08755129958960332
4 0.7886918333224763 0.518467852257182 0.039861681106551146 0.09575923392612865
4 0.7271909539009402 0.6436388508891929 0.04213949145549691 0.09986320109439134
4 0.7829973074501118 0.6340629274965801 0.06036197424706316 0.12175102599179212
4 0.6765096736368966 0.6409028727770177 0.06605650011942757 0.12995896032831744
10 0.59906412177274 0.6422708618331053 0.08200117256204806 0.1272229822161424
5 0.6076059105812868 0.16415868673050618 0.05352854320022587 0.08207934336525309
5 0.6634122641304583 0.16689466484268128 0.0512507328512801 0.07934336525307799
5 0.7095379236966104 0.16073871409028725 0.04100058628102403 0.07250341997264022
5 0.889484941263327 0.21203830369357046 0.072889931166265 0.09575923392612865
5 0.7044128504114825 0.3946648426812585 0.03530606040865962 0.06155950752393984
5 0.6998572297135908 0.27975376196990426 0.039861681106551 0.06976744186046513
5 0.5193407595596378 0.2660738714090287 0.04783401732786139 0.06703146374829004
5 0.5182018543851649 0.32763337893296857 0.03644496558313257 0.05335157318741455
5 0.5187713069724014 0.3850889192886457 0.05352854320022587 0.05882352941176471
5 0.5176324017979285 0.4425444596443229 0.04441730180444267 0.053351573187414514
5 0.5210491173213471 0.5027359781121752 0.05580635354917156 0.05608755129958965
5 0.5164934966234557 0.5636114911080712 0.03758387075760538 0.06566347469220248
4 0.4270894404273337 0.28043775649794805 0.045556206978915555 0.08755129958960328
5 0.21354472021366688 0.8166894664842681 0.037583870757605345 0.04924760601915182
5 0.26935107376283846 0.8146374829001368 0.04213949145549695 0.04514363885088926
5 0.26821216858836555 0.8741450068399453 0.039861681106551146 0.04924760601915196
5 0.2152530779753762 0.8755129958960327 0.0341671552341867 0.04924760601915167
5 0.212405815039194 0.9350205198358412 0.035306060408659586 0.05608755129958965
5 0.26935107376283846 0.9350205198358413 0.03986168110655118 0.04514363885088926
