8 0.3547955616355069 0.6231190150478797 0.1664729907967187 0.16279069767441862
2 0.5238696929134244 0.11422708618331054 0.036415966736782227 0.03146374829001371
2 0.5233494648171847 0.049931600547195615 0.037456422929261775 0.03419972640218878
4 0.24918925809883846 0.032147742818057455 0.040577791506700184 0.02599179206566347
4 0.29496933056793606 0.03146374829001368 0.040577791506700225 0.030095759233926128
2 0.2387846961740435 0.12585499316005472 0.053063265816454076 0.03283173734610124
2 0.24034538046276274 0.19220246238030098 0.03329459815934374 0.028727770177838608
2 0.24138583665524224 0.2510259917920657 0.03745642292926174 0.028727770177838608
2 0.3334662096896773 0.2763337893296854 0.040577791506700225 0.03830369357045143
0 0.41358133651059825 0.2756497948016416 0.038496879121741184 0.025991792065663474
0 0.41358133651059825 0.4274965800273598 0.036415966736782227 0.03146374829001374
2 0.3355471220746362 0.42818057455540354 0.03225414196686426 0.03283173734610124
2 0.2445072052326807 0.3440492476060191 0.04786098485405667 0.03419972640218873
2 0.2424262928477217 0.40355677154582764 0.03537551054430274 0.02462380300957591
2 0.24554766142516024 0.4596443228454173 0.035375510544302775 0.02735978112175097
2 0.24190606475148196 0.5198358413132695 0.03849687912174126 0.03556771545827644
0 0.2465881176176397 0.6142270861833105 0.035375510544302706 0.08207934336525298
0 0.23150150282668705 0.780437756497948 0.03433505435182323 0.06703146374829004
2 0.34283031542199277 0.7756497948016416 0.030173229581905332 0.06292749658002733
2 0.3823676507362134 0.7722298221614227 0.028092317196946298 0.07250341997264016
0 0.42242521414667394 0.7742818057455539 0.020809123849589852 0.043775649794801696
0 0.45051753134362016 0.7729138166894666 0.018728211464630887 0.04651162790697669
2 0.4848525856954434 0.7763337893296852 0.02913277338942585 0.07250341997264016
2 0.5701699934787618 0.6627906976744186 0.018728211464630818 0.045143638850889116
2 0.6175107502365786 0.6621067031463749 0.017687755272151405 0.04651162790697669
0 0.8750236578752532 0.7954856361149111 0.022890036234548886 0.04514363885088926
2 0.9130003089007545 0.7954856361149111 0.019768667657110228 0.04240766073871413
2 0.9421330822901802 0.7948016415868673 0.021849580042069335 0.04924760601915182
2 0.9837513299893601 0.7900136798905609 0.01976866765711037 0.04787961696306425
