2 0.18931322263257958 0.5275938189845475 0.018379924527434924 0.09271523178807954
2 0.2894838113070998 0.5187637969094923 0.020217916980178358 0.08388520971302427
2 0.3901138980948059 0.5198675496688742 0.019298920753806712 0.09492273730684325
2 0.4925819773352556 0.522075055187638 0.016541932074691415 0.09050772626931568
4 0.2444529962148843 0.5242825607064018 0.018379924527434886 0.10375275938189837
4 0.34554258111577624 0.5264900662251656 0.02021791698017843 0.09492273730684332
4 0.44525367167711066 0.5242825607064018 0.017460928301063133 0.08167770419426042
4 0.5458837584648168 0.5187637969094923 0.018379924527434994 0.07505518763796908
2 0.8546664905257234 0.7328918322295805 0.038597841507613424 0.044150110375275914
8 0.3689769848882558 0.772626931567329 0.09649460376903328 0.3222958057395144
2 0.29499778866533033 0.8421633554083886 0.04227382641310026 0.05077262693156726
2 0.2945382905521444 0.771523178807947 0.03951683773398507 0.05518763796909482
0 0.2931597962125868 0.7097130242825607 0.03675984905486985 0.04635761589403984
0 0.29407879243895857 0.9028697571743929 0.0349218566021263 0.044150110375275914
