2 0.24500885325217944 0.08344733242134064 0.04009235780490211 0.07387140902872777
2 0.19879127411597286 0.08071135430916553 0.032296621565060024 0.06566347469220246
2 0.10524243923786798 0.1805745554035568 0.034523974776443464 0.08481532147742818
2 0.15090318007122872 0.18604651162790697 0.03675132798782691 0.08481532147742818
2 0.10802663075209729 0.33105335157318744 0.0400923578049021 0.0683994528043776
2 0.14756215025415353 0.33378932968536246 0.02784191514229313 0.08481532147742818
0 0.35025129249004733 0.2906976744186046 0.030069268353676577 0.08071135430916553
0 0.400366739746175 0.29958960328317374 0.05457015367889447 0.11764705882352942
0 0.4443569656709981 0.19767441860465118 0.033410298170751744 0.08344733242134066
4 0.48779035329297543 0.20314637482900139 0.0311829449593683 0.08344733242134066
4 0.5273258727950316 0.44391244870041036 0.02784191514229306 0.09439124487004101
4 0.6481597845125837 0.4432284541723666 0.033410298170751675 0.08481532147742818
4 0.696047878557328 0.4459644322845417 0.04009235780490201 0.09028727770177838
4 0.7433791342992262 0.4466484268125855 0.04120603441059373 0.09165526675786595
4 0.7884830368297412 0.4500683994528044 0.03786500459351871 0.09028727770177838
4 0.8363711308744852 0.45212038303693575 0.03563765138213512 0.09712722298221614
4 0.8313595861488724 0.5725034199726402 0.05902486010166129 0.1299589603283173
4 0.7751189175614404 0.5766073871409029 0.042319711016285455 0.10533515731874153
4 0.7199919255797 0.5663474692202461 0.06347956652442832 0.12859097127222988
10 0.6509439760268131 0.5615595075239398 0.08352574542687939 0.11901504787961706
8 0.47108520420759953 0.6956224350205198 0.0623658899187366 0.1463748290013681
8 0.46551682117914095 0.4363885088919288 0.06682059634150342 0.10943912448700409
2 0.4042646078660961 0.4411764705882353 0.03786500459351863 0.07797537619699042
2 0.5256553578864941 0.20246238030095762 0.026728238536601338 0.0738714090287278
2 0.49447241292712574 0.0868673050615595 0.03786500459351871 0.07797537619699041
0 0.6331251503357455 0.29001367989056087 0.03897868119921036 0.07934336525307796
0 0.6225452225816741 0.08549931600547196 0.03341029817075181 0.08344733242134064
0 0.5345647707320278 0.08755129958960328 0.03786500459351856 0.08755129958960328
0 0.8068587008236545 0.1880984952120383 0.034523974776443395 0.08891928864569082
0 0.3725248246038819 0.924076607387141 0.030069268353676577 0.08071135430916555
0 0.1787450952135218 0.884404924760602 0.05234280046751108 0.11627906976744186
0 0.41150350580309225 0.7045143638850888 0.03675132798782691 0.08481532147742811
0 0.5495994049088662 0.7038303693570452 0.034523974776443395 0.06976744186046503
2 0.5991580138621478 0.7072503419972641 0.033410298170751675 0.08481532147742826
4 0.12083391171755213 0.8891928864569084 0.06347956652442831 0.12038303693570455
2 0.41762872713439675 0.9254445964432284 0.033410298170751744 0.08071135430916555
2 0.4582779232421447 0.929548563611491 0.030069268353676577 0.08891928864569096
7 0.5835665413824637 0.18878248974008208 0.05568383028458619 0.05198358413132695
7 0.5768844817483134 0.2510259917920657 0.04900177065043593 0.056087551299589575
7 0.570202422114163 0.3023255813953488 0.04454706422766911 0.05745554035567715
7 0.5729866136283923 0.36593707250342 0.04788809404474414 0.053351573187414514
7 0.5707592604170089 0.420656634746922 0.05011544725612758 0.053351573187414514
7 0.5668613922970879 0.4842681258549932 0.037865004593518714 0.05471956224350208
7 0.6676491251121891 0.09165526675786595 0.04120603441059373 0.09575923392612859
7 0.7199919255797 0.09575923392612859 0.050115447256127654 0.07934336525307799
5 0.7740052409557486 0.0984952120383037 0.051229123861819374 0.079343365253078
7 0.7589706067789104 0.21477428180574556 0.03675132798782684 0.06019151846785228
5 0.7573000918703728 0.32900136798905616 0.042319711016285455 0.05061559507523942
5 0.26672554706316803 0.7175102599179206 0.03675132798782691 0.053351573187414514
5 0.3157273177136039 0.7195622435020519 0.03675132798782691 0.04103967168262656
5 0.25948664912617186 0.7797537619699042 0.03563765138213519 0.043775649794801696
5 0.31405680280506637 0.7811217510259917 0.04009235780490204 0.04651162790697683
5 0.2600434874290177 0.8419972640218879 0.030069268353676543 0.04787961696306439
5 0.31405680280506637 0.8392612859097127 0.04009235780490204 0.04514363885088926
5 0.25725929591478836 0.9610123119015048 0.04009235780490211 0.050615595075239384
5 0.3057042282623785 0.9596443228454171 0.036751327987826946 0.045143638850889116
6 0.28287385784569813 0.9035567715458277 0.08463942203257112 0.053351573187414375
