2 0.12290719738758218 0.11354309165526676 0.03844490534398304 0.08481532147742818
2 0.16834208552138033 0.1121751025991792 0.03378491681743965 0.07934336525307799
2 0.4281364458761749 0.10465116279069768 0.036114911080711354 0.07797537619699044
0 0.47124133974670135 0.10328317373461011 0.036114911080711354 0.08891928864569085
0 0.5661886059750231 0.09507523939808482 0.03261991968580375 0.08891928864569083
0 0.7555006398658489 0.20725034199726403 0.04077489960725487 0.08618331053351574
0 0.5795860729888355 0.3043775649794802 0.03611491108071128 0.07523939808481536
2 0.47298883544415515 0.23119015047879618 0.037279908212347196 0.07113543091655267
0 0.3861965491372843 0.23119015047879615 0.04077489960725472 0.07660738714090282
0 0.341926658135122 0.3419972640218878 0.07339481929305858 0.11217510259917926
0 0.2912492829089625 0.3228454172366621 0.044269891002162325 0.07387140902872784
2 0.07980230351705574 0.37209302325581395 0.043104893870526455 0.07660738714090286
2 0.03669740964652928 0.37756497948016415 0.036114911080711354 0.07934336525307792
2 0.03669740964652928 0.22298221614227087 0.036114911080711354 0.08755129958960328
2 0.07863730638541988 0.22024623803009574 0.04077489960725475 0.08481532147742818
2 0.3471691452274834 0.48153214774281805 0.03494991394907551 0.09028727770177838
8 0.4106614889016372 0.4746922024623803 0.07106482502978678 0.10943912448700416
8 0.4293014430078108 0.7441860465116278 0.06640483650324348 0.14500683994528046
0 0.5073562508274126 0.7455540355677155 0.04543488813379817 0.08481532147742811
0 0.36755659503111077 0.750341997264022 0.04543488813379817 0.08344733242134054
2 0.5574511274877543 0.7476060191518468 0.04310489387052655 0.08891928864569082
4 0.08096730064869159 0.941860465116279 0.050094876660341556 0.10533515731874146
0 0.13979965579630205 0.9336525307797539 0.048929879528705714 0.10807113543091659
10 0.6122059926746393 0.6046511627906976 0.07106482502978687 0.12311901504787955
4 0.6809408234411544 0.5957592339261286 0.06640483650324341 0.13543091655266765
4 0.7397731785887649 0.6121751025991793 0.037279908212347265 0.09165526675786602
4 0.7991880323021932 0.606703146374829 0.06523983937160764 0.1135430916552668
4 0.8015180265654649 0.48153214774281805 0.037279908212347126 0.09849521203830378
4 0.7549181413000309 0.48221614227086185 0.04193989673889064 0.10259917920656633
4 0.7054057632055071 0.48153214774281805 0.05009487666034161 0.09575923392612865
4 0.6547283879793477 0.4781121751025992 0.03960990247561895 0.08618331053351568
4 0.6092934998455497 0.4822161422708618 0.04659988526543401 0.09165526675786588
7 0.6180309783328185 0.11012311901504787 0.045434888133798236 0.08071135430916553
4 0.47590132827324483 0.48153214774281805 0.04310489387052648 0.10123119015047877
4 0.4345439301001721 0.23119015047879615 0.03960990247561888 0.0957592339261286
6 0.24115440624862094 0.8939808481532148 0.08853978200432461 0.05882352941176478
5 0.707153258902961 0.35430916552667585 0.051259873791977384 0.05198358413132702
7 0.7083182560345969 0.23187414500683992 0.03960990247561895 0.06429548563611491
5 0.7222982216142271 0.1121751025991792 0.05358986805524907 0.07660738714090287
5 0.6704558492564316 0.11149110807113544 0.0454348881337981 0.06429548563611492
5 0.21727196505008606 0.7735978112175103 0.04077489960725476 0.056087551299589505
5 0.27435682450024274 0.7756497948016415 0.0454348881337982 0.04651162790697669
5 0.2708618331053351 0.8372093023255814 0.03844490534398307 0.04924760601915196
5 0.2184369621817219 0.9575923392612858 0.04310489387052645 0.05198358413132695
5 0.2714443316711531 0.9555403556771546 0.046599885265433974 0.04514363885088926
5 0.22251445214244736 0.838577291381669 0.037279908212347196 0.04651162790697669
